# H PRLA000101
# D Structure derived matrix (SDM) for alignment of distantly related sequences (Prlic et al., 2000)
# R PMID:10964983
# A Prlic, A., Domingues, F.S. and Sippl, M.J.
# T Structure-derived substitution matrices for alignment of distantly related sequences J Protein Eng. 13, 545-550 (2000)
# ECMeng: matrix downloaded from http://www.genome.jp/aaindex/; pair frequencies copied from paper Table II
# ECMeng: Jul 2014 calculated values for B,Z,X with my program AAmatrix.f
# ECMeng: all values mult by 100 and converted to integers for AL2CO
# minval   -5.34
# maxval    6.99
#  total pairs        13908
#  frequencies (N, %): 
# A        2560   9.2033358    
# R        1330   4.7814207    
# N        1072   3.8538971    
# D        1401   5.0366697    
# C         427   1.5350877    
# Q        1041   3.7424505    
# E        1675   6.0217142    
# G        1893   6.8054357    
# H         658   2.3655450    
# I        1868   6.7155595    
# L        2688   9.6635027    
# K        1672   6.0109291    
# M         728   2.6171987    
# F        1188   4.2709231    
# P         835   3.0018694    
# S        1582   5.6873741    
# T        1518   5.4572906    
# W         424   1.5243026    
# Y        1057   3.7999713    
# V        2199   7.9055219    
# B        2473   8.8905668    
# Z        2716   9.7641649    
# X       27816   100.00000    
#
# Divisor: 100
     A     R     N     D     C     Q     E     G     H     I     L     K     M     F     P     S     T     W     Y     V     B     Z     X     *
A   209   -50   -57   -73    33   -75   -12    27  -142   -97   -39   -38    -4   -76   -53    34    13   -66  -125     2   -66   -36   -14  -534
R   -50   287    60    13  -130    13    99   -96    54  -140  -119   142   -63  -140    21    -6   -15    -4   -75  -152    33    66   -24  -534
N   -57    60   360   178  -208    33   -16    79    76  -243  -210    83  -201  -225  -110    40    30  -289   -36  -217   257     3   -44  -534
D   -73    13   178   402  -251    34   120  -120    -1  -277  -265    66  -258  -219    72    71   -75  -191  -121  -202   305    87   -60  -534
C    33  -130  -208  -251   699   -83  -197  -211  -150    13   -31  -219   104   113  -219    31   -59   -76    13    34  -232  -153   -60  -534
Q   -75    13    33    34   -83   260   123   -12   -46  -147  -149    92   -13  -231    24   104    60   -81   -61  -138    34   176   -23  -534
E   -12    99   -16   120  -197   123   297   -41   -62  -181  -211   111  -186  -161   -26    31   -21  -270  -164  -184    61   230   -38  -534
G    27   -96    79  -120  -211   -12   -41   436   -40  -293  -198   -71  -186  -267    -4    29   -81  -121  -162  -196   -34   -30   -68  -534
H  -142    54    76    -1  -150   -46   -62   -40   589  -176   -93    31  -104   -22  -144   -74   -52  -148   -12   -35    32   -56   -44  -534
I   -97  -140  -243  -277    13  -147  -181  -293  -176   276   156  -181    99    76  -200  -175   -96    25     8   194  -262  -168   -56  -534
L   -39  -119  -210  -265   -31  -149  -211  -198   -93   156   243  -196   161   123  -156  -230   -86   -14    70    81  -241  -187   -47  -534
K   -38   142    83    66  -219    92   111   -71    31  -181  -196   291  -162  -241   -19    -6   -10  -194  -172  -127    73   104   -37  -534
M    -4   -63  -201  -258   104   -13  -186  -186  -104    99   161  -162   375    80  -109  -134  -158    87   -41    61  -233  -120   -39  -534
F   -76  -140  -225  -219   113  -231  -161  -267   -22    76   123  -241    80   328   -91  -111   -69   229   196    51  -222  -188   -48  -534
P   -53    21  -110    72  -219    24   -26    -4  -144  -200  -156   -19  -109   -91   545   -29    93  -534  -198  -111    -7    -7   -53  -534
S    34    -6    40    71    31   104    31    29   -74  -175  -230    -6  -134  -111   -29   236   120  -118  -156  -111    58    59   -26  -534
T    13   -15    30   -75   -59    60   -21   -81   -52   -96   -86   -10  -158   -69    93   120   204   -57   -41     5   -29    10   -13  -534
W   -66    -4  -289  -191   -76   -81  -270  -121  -148    25   -14  -194    87   229  -534  -118   -57   696   215  -109  -233  -198   -74  -534
Y  -125   -75   -36  -121    13   -61  -164  -162   -12     8    70  -172   -41   196  -198  -156   -41   215   395    21   -84  -125   -39  -534
V     2  -152  -217  -202    34  -138  -184  -196   -35   194    81  -127    61    51  -111  -111     5  -109    21   205  -209  -166   -33  -534
B   -66    33   257   305  -232    34    61   -34    32  -262  -241    73  -233  -222    -7    58   -29  -233   -84  -209   319    51   -53  -534
Z   -36    66     3    87  -153   176   230   -30   -56  -168  -187   104  -120  -188    -7    59    10  -198  -125  -166    51   236   -32  -534
X   -14   -24   -44   -60   -60   -23   -38   -68   -44   -56   -47   -37   -39   -48   -53   -26   -13   -74   -39   -33   -53   -53   -33  -534
*  -534  -534  -534  -534  -534  -534  -534  -534  -534  -534  -534  -534  -534  -534  -534  -534  -534  -534  -534  -534  -534  -534  -534   100
