# H PRLA000102
# D Homologous structure derived matrix (HSDM) for alignment of distantly related sequences (Prlic et al., 2000)
# R PMID:10964983
# A Prlic, A., Domingues, F.S. and Sippl, M.J.
# T Structure-derived substitution matrices for alignment of distantly related sequences J Protein Eng. 13, 545-550 (2000)
# ECMeng: matrix downloaded from http://www.genome.jp/aaindex/; pair frequencies copied from paper Table III
# ECMeng: Jul 2014 calculated values for B,Z,X with my program AAmatrix.f
# ECMeng: all values mult by 100 and converted to integers for AL2CO
# minval  -11.46
# maxval   19.05
#  total pairs         9947
#  frequencies (N, %): 
# A        1833   9.2138329    
# R         933   4.6898561    
# N         804   4.0414195    
# D        1027   5.1623607    
# C         306   1.5381522    
# Q         732   3.6795013    
# E        1123   5.6449180    
# G        1433   7.2031770    
# H         445   2.2368553    
# I        1323   6.6502461    
# L        1893   9.5154314    
# K        1144   5.7504773    
# M         520   2.6138535    
# F         820   4.1218457    
# P         658   3.3075299    
# S        1120   5.6298380    
# T        1099   5.5242786    
# W         296   1.4878858    
# Y         760   3.8202474    
# V        1625   8.1682920    
# B        1831   9.2037802    
# Z        1855   9.3244190    
# X       19894   100.00000
#
# Divisor: 100
     A     R     N     D     C     Q     E     G     H     I     L     K     M     F     P     S     T     W     Y     V     B     Z     X     *
A   550  -224  -177  -238    45  -216   -47    63  -301  -172  -109  -122    16  -242  -111   127    60  -261  -422    16  -211  -114   -42 -1146
R  -224   859    24   -33  -629   -74   283  -339    70  -393  -283   389  -143  -436   131   -50    34   102  -101  -380    -8   142   -83 -1146
N  -177    24  1000   407  -653   142   -39   116   177  -578  -564   164  -467  -622  -323   154   114  -629   -93  -565   667    32  -124 -1146
D  -238   -33   407  1101  -698   110   241  -391    32  -618  -741   153  -788  -506    81   234  -136  -563  -385  -610   796   189  -180 -1146
C    45  -629  -653  -698  1905  -247  -470  -570  -595   -13   -82  -665   350   172  -670   108  -189  -301   -44   132  -678  -382  -201 -1146
Q  -216   -74   142   110  -247   785   316   -24  -224  -326  -456   324  -176  -554   130   259   108  -430  -173  -497   124   501   -78 -1146
E   -47   283   -39   241  -470   316   843  -180  -129  -589  -562   308  -394  -444   -43    42   -61  -628  -450  -423   118   635  -111 -1146
G    63  -339   116  -391  -570   -24  -180  1164  -124  -858  -655  -182  -529  -746  -179    63  -224  -477  -434  -532  -168  -118  -221 -1146
H  -301    70   177    32  -595  -224  -129  -124  1572  -444  -249   -17  -366    25  -355  -238  -114  -571   117  -163    96  -166  -126 -1146
I  -172  -393  -578  -618   -13  -326  -589  -858  -444   674   386  -482   294   230  -404  -467  -303   -26    -8   523  -600  -485  -150 -1146
L  -109  -283  -564  -741   -82  -456  -562  -655  -249   386   638  -591   432   390  -288  -622  -240   -58   181   228  -663  -520  -140 -1146
K  -122   389   164   153  -665   324   308  -182   -17  -482  -591   823  -547  -619  -121   -27   -37  -545  -403  -357   158   314  -114 -1146
M    16  -143  -467  -788   350  -176  -394  -529  -366   294   432  -547  1021   266  -202  -392  -518   428  -495   118  -647  -308  -128 -1146
F  -242  -436  -622  -506   172  -554  -444  -746    25   230   390  -619   266   914  -296  -503  -400   649   538    52  -557  -487  -154 -1146
P  -111   131  -323    81  -670   130   -43  -179  -355  -404  -288  -121  -202  -296  1332  -128   244 -1146  -741  -231   -96    25  -134 -1146
S   127   -50   154   234   108   259    42    63  -238  -467  -622   -27  -392  -503  -128   635   309  -444  -417  -269   199   128   -78 -1146
T    60    34   114  -136  -189   108   -61  -224  -114  -303  -240   -37  -518  -400   244   309   633  -355  -292   -23   -26     6   -49 -1146
W  -261   102  -629  -563  -301  -430  -628  -477  -571   -26   -58  -545   428   649 -1146  -444  -355  1808   679  -213  -592  -550  -225 -1146
Y  -422  -101   -93  -385   -44  -173  -450  -434   117    -8   181  -403  -495   538  -741  -417  -292   679  1092    66  -257  -341  -132 -1146
V    16  -380  -565  -610   132  -497  -423  -532  -163   523   228  -357   118    52  -231  -269   -23  -213    66   528  -590  -452   -93 -1146
B  -211    -8   667   796  -678   124   118  -168    96  -600  -663   158  -647  -557   -96   199   -26  -592  -257  -590   848   120  -155 -1146
Z  -114   142    32   189  -382   501   635  -118  -166  -485  -520   314  -308  -487    25   128     6  -550  -341  -452   120   666   -98 -1146
X   -42   -83  -124  -180  -201   -78  -111  -221  -126  -150  -140  -114  -128  -154  -134   -78   -49  -225  -132   -93  -155  -155   -93 -1146
* -1146 -1146 -1146 -1146 -1146 -1146 -1146 -1146 -1146 -1146 -1146 -1146 -1146 -1146 -1146 -1146 -1146 -1146 -1146 -1146 -1146 -1146 -1146   100
