[["clear_all"],
["create_program", [1, "#version 100\n\nprecision mediump float;\n\n//#define USE_FOG 1\n//#define USE_CLIP_VERTEX 1\n\nuniform mat4 ProjectionMatrix;\nuniform mat4 ModelViewMatrix;\nuniform mat3 NormalMatrix;\n\nvarying vec3 N;\nvarying vec3 v;\nvarying vec4 fcolor;\n\nattribute vec4 position;\nattribute vec3 normal;\nattribute vec4 color;\nattribute mat4 instanceTransform;\nattribute vec3 instanceScale;\n\nvoid main(void)\n{\n  vec3 vi = vec3(instanceTransform * vec4(instanceScale * vec3(position), 1));\n  v = vec3(ModelViewMatrix * vec4(vi, position.w));\n  N = normalize(NormalMatrix * vec3(instanceTransform * vec4(normal, 0)));\n\n  gl_Position = ProjectionMatrix * vec4(v, 1.0);\n  fcolor = color;\n\n#ifdef USE_FOG\n  gl_FogFragCoord = abs(v.z);\n#endif\n\n#ifdef USE_CLIP_VERTEX\n  gl_ClipVertex = ModelViewMatrix * vec4(vi, position.w);\n#endif\n}\n", "#version 100\n\nprecision mediump float;\n\n#define USE_TWO_SIDED_LIGHTING 1\n#define USE_ANGLE_DEPENDENT_TRANSPARENCY 1\n//#define USE_FOG 1\n\nuniform vec4 KeyPosition;\nuniform vec4 FillPosition;\nuniform vec4 BackPosition;\nuniform vec4 KeyDiffuse;\nuniform vec4 FillDiffuse;\nuniform vec4 BackDiffuse;\nuniform vec4 KeySpecular;\nuniform float Shininess;\nuniform vec4 Ambient;\n\nuniform float fogEnabled;\n\nvarying vec3 N;\nvarying vec3 v;\nvarying vec4 fcolor;\n\nvoid main (void)\n{\n  vec3 N1 = normalize(N);\n  vec3 L = normalize(KeyPosition.xyz);  // Light at infinity.\n  vec3 Lf = normalize(FillPosition.xyz); // Light at infinity.\n  vec3 Lb = normalize(BackPosition.xyz); // Light at infinity.\n  vec3 E = normalize(-v);      // In eye coordinates eye position is (0,0,0).\n#ifdef USE_TWO_SIDED_LIGHTING\n  N1 *= (gl_FrontFacing ? 1.0 : -1.0);\n#else\n  if (!gl_FrontFacing) discard;\n#endif\n  vec3 R = normalize(-reflect(L,N1)); \n\n  // diffuse\n  vec4 Idiff = fcolor * (KeyDiffuse * max(dot(N1, L), 0.0)\n                         + FillDiffuse * max(dot(N1, Lf), 0.0)\n                         + BackDiffuse * max(dot(N1, Lb), 0.0));\n\n  // specular\n  vec4 Ispec = KeySpecular * pow(max(dot(R, E), 0.0), 0.3 * Shininess);\n\n  // scene\n  vec4 Iscene = fcolor * Ambient;\n\n  // transparency\n  float a = fcolor.a;\n#ifdef USE_ANGLE_DEPENDENT_TRANSPARENCY\n  a = 1.0 - pow(max(1.0 - a, 0.0), 1.0 / max(abs(N1.z), 0.01));\n#endif\n\n  // total color\n  vec3 Ifrag = Iscene.rgb + Idiff.rgb + Ispec.rgb;\n\n#ifdef USE_FOG\n  // fog\n  float fog = clamp((gl_FogFragCoord - gl_Fog.start) * gl_Fog.scale, 0.0, 1.0);\n  Ifrag = mix(Ifrag, gl_Fog.color.rgb, fogEnabled * fog);\n#endif\n\n  // final color\n  gl_FragColor = vec4(Ifrag, a);\n}\n"]],
["create_singleton", [1, [true, 16, [1058050193, 1058050193, 1058050193, 1065353216]]]],
["create_matrix", [1, [1.0, 0.0, 0.0, 0.0, 0.0, 1.0, 0.0, 0.0, 0.0, 0.0, 1.0, 0.0, -1.8600000143051147, 38.11399841308594, 23.94700050354004, 1.0], false]],
["add_sphere", [1, 0.40800000000000003, 1, 1, [["color", 1, 0, 0, 4, 6, false]]]],
["create_singleton", [2, [true, 16, [1058050193, 1058050193, 1058050193, 1065353216]]]],
["create_matrix", [2, [1.0, 0.0, 0.0, 0.0, 0.0, 1.0, 0.0, 0.0, 0.0, 0.0, 1.0, 0.0, -1.187999963760376, 37.15800094604492, 22.989999771118164, 1.0], false]],
["add_sphere", [2, 0.40800000000000003, 1, 2, [["color", 2, 0, 0, 4, 6, false]]]],
["create_singleton", [3, [true, 16, [1058050193, 1058050193, 1058050193, 1065353216]]]],
["create_matrix", [3, [1.0, 0.0, 0.0, 0.0, 0.0, 1.0, 0.0, 0.0, 0.0, 0.0, 1.0, 0.0, -1.1160000562667847, 35.7859992980957, 23.297000885009766, 1.0], false]],
["add_sphere", [3, 0.40800000000000003, 1, 3, [["color", 3, 0, 0, 4, 6, false]]]],
["create_singleton", [4, [true, 16, [1058050193, 1058050193, 1058050193, 1065353216]]]],
["create_matrix", [4, [1.0, 0.0, 0.0, 0.0, 0.0, 1.0, 0.0, 0.0, 0.0, 0.0, 1.0, 0.0, -0.5049999952316284, 34.88999938964844, 22.398000717163086, 1.0], false]],
["add_sphere", [4, 0.40800000000000003, 1, 4, [["color", 4, 0, 0, 4, 6, false]]]],
["create_singleton", [5, [true, 16, [1058050193, 1058050193, 1058050193, 1065353216]]]],
["create_matrix", [5, [1.0, 0.0, 0.0, 0.0, 0.0, 1.0, 0.0, 0.0, 0.0, 0.0, 1.0, 0.0, -0.6439999938011169, 37.6349983215332, 21.7810001373291, 1.0], false]],
["add_sphere", [5, 0.40800000000000003, 1, 5, [["color", 5, 0, 0, 4, 6, false]]]],
["create_singleton", [6, [true, 16, [1058050193, 1058050193, 1058050193, 1065353216]]]],
["create_matrix", [6, [1.0, 0.0, 0.0, 0.0, 0.0, 1.0, 0.0, 0.0, 0.0, 0.0, 1.0, 0.0, -0.029999999329447746, 36.736000061035156, 20.882999420166016, 1.0], false]],
["add_sphere", [6, 0.40800000000000003, 1, 6, [["color", 6, 0, 0, 4, 6, false]]]],
["create_singleton", [7, [true, 16, [1058050193, 1058050193, 1058050193, 1065353216]]]],
["create_matrix", [7, [1.0, 0.0, 0.0, 0.0, 0.0, 1.0, 0.0, 0.0, 0.0, 0.0, 1.0, 0.0, 0.04699999839067459, 35.3489990234375, 21.176000595092773, 1.0], false]],
["add_sphere", [7, 0.40800000000000003, 1, 7, [["color", 7, 0, 0, 4, 6, false]]]],
["create_singleton", [8, [true, 16, [1044431041, 1050714273, 1064892665, 1065353216]]]],
["create_matrix", [8, [1.0, 0.0, 0.0, 0.0, 0.0, 1.0, 0.0, 0.0, 0.0, 0.0, 1.0, 0.0, 0.6060000061988831, 34.470001220703125, 20.29599952697754, 1.0], false]],
["add_sphere", [8, 0.40800000000000003, 1, 8, [["color", 8, 0, 0, 4, 6, false]]]],
["create_singleton", [9, [true, 16, [1058050193, 1058050193, 1058050193, 1065353216]]]],
["create_matrix", [9, [1.0, 0.0, 0.0, 0.0, 0.0, 1.0, 0.0, 0.0, 0.0, 0.0, 1.0, 0.0, 1.2860000133514404, 34.880001068115234, 19.05500030517578, 1.0], false]],
["add_sphere", [9, 0.40800000000000003, 1, 9, [["color", 9, 0, 0, 4, 6, false]]]],
["create_singleton", [10, [true, 16, [1058050193, 1058050193, 1058050193, 1065353216]]]],
["create_matrix", [10, [1.0, 0.0, 0.0, 0.0, 0.0, 1.0, 0.0, 0.0, 0.0, 0.0, 1.0, 0.0, 0.6890000104904175, 33.012001037597656, 20.52199935913086, 1.0], false]],
["add_sphere", [10, 0.40800000000000003, 1, 10, [["color", 10, 0, 0, 4, 6, false]]]],
["create_singleton", [11, [true, 16, [1058050193, 1058050193, 1058050193, 1065353216]]]],
["create_matrix", [11, [1.0, 0.0, 0.0, 0.0, 0.0, 1.0, 0.0, 0.0, 0.0, 0.0, 1.0, 0.0, -0.6629999876022339, 32.31700134277344, 20.59600067138672, 1.0], false]],
["add_sphere", [11, 0.40800000000000003, 1, 11, [["color", 11, 0, 0, 4, 6, false]]]],
["create_singleton", [12, [true, 16, [1044431041, 1050714273, 1064892665, 1065353216]]]],
["create_matrix", [12, [1.0, 0.0, 0.0, 0.0, 0.0, 1.0, 0.0, 0.0, 0.0, 0.0, 1.0, 0.0, -0.7620000243186951, 31.18899917602539, 21.334999084472656, 1.0], false]],
["add_sphere", [12, 0.40800000000000003, 1, 12, [["color", 12, 0, 0, 4, 6, false]]]],
["create_singleton", [13, [true, 16, [1058050193, 1058050193, 1058050193, 1065353216]]]],
["create_matrix", [13, [1.0, 0.0, 0.0, 0.0, 0.0, 1.0, 0.0, 0.0, 0.0, 0.0, 1.0, 0.0, -1.9639999866485596, 30.555999755859375, 21.39900016784668, 1.0], false]],
["add_sphere", [13, 0.40800000000000003, 1, 13, [["color", 13, 0, 0, 4, 6, false]]]],
["create_singleton", [14, [true, 16, [1058050193, 1058050193, 1058050193, 1065353216]]]],
["create_matrix", [14, [1.0, 0.0, 0.0, 0.0, 0.0, 1.0, 0.0, 0.0, 0.0, 0.0, 1.0, 0.0, -2.132999897003174, 29.36199951171875, 22.13800048828125, 1.0], false]],
["add_sphere", [14, 0.40800000000000003, 1, 14, [["color", 14, 0, 0, 4, 6, false]]]],
["create_singleton", [15, [true, 16, [1044431041, 1050714273, 1064892665, 1065353216]]]],
["create_matrix", [15, [1.0, 0.0, 0.0, 0.0, 0.0, 1.0, 0.0, 0.0, 0.0, 0.0, 1.0, 0.0, -1.1050000190734863, 28.81599998474121, 22.797000885009766, 1.0], false]],
["add_sphere", [15, 0.40800000000000003, 1, 15, [["color", 15, 0, 0, 4, 6, false]]]],
["create_singleton", [16, [true, 16, [1065353216, 1065353216, 1065353216, 1065353216]]]],
["create_matrix", [16, [1.0, 0.0, 0.0, 0.0, 0.0, 1.0, 0.0, 0.0, 0.0, 0.0, 1.0, 0.0, -0.1599999964237213, 29.152999877929688, 22.663000106811523, 1.0], false]],
["add_sphere", [16, 0.23, 1, 16, [["color", 16, 0, 0, 4, 6, false]]]],
["create_singleton", [17, [true, 16, [1065353216, 1065353216, 1065353216, 1065353216]]]],
["create_matrix", [17, [1.0, 0.0, 0.0, 0.0, 0.0, 1.0, 0.0, 0.0, 0.0, 0.0, 1.0, 0.0, -1.2380000352859497, 27.93600082397461, 23.270999908447266, 1.0], false]],
["add_sphere", [17, 0.23, 1, 17, [["color", 17, 0, 0, 4, 6, false]]]],
["create_singleton", [18, [true, 16, [1044431041, 1050714273, 1064892665, 1065353216]]]],
["create_matrix", [18, [1.0, 0.0, 0.0, 0.0, 0.0, 1.0, 0.0, 0.0, 0.0, 0.0, 1.0, 0.0, -3.3380000591278076, 28.75, 22.229000091552734, 1.0], false]],
["add_sphere", [18, 0.40800000000000003, 1, 18, [["color", 18, 0, 0, 4, 6, false]]]],
["create_singleton", [19, [true, 16, [1058050193, 1058050193, 1058050193, 1065353216]]]],
["create_matrix", [19, [1.0, 0.0, 0.0, 0.0, 0.0, 1.0, 0.0, 0.0, 0.0, 0.0, 1.0, 0.0, -4.385000228881836, 29.295000076293945, 21.56100082397461, 1.0], false]],
["add_sphere", [19, 0.40800000000000003, 1, 19, [["color", 19, 0, 0, 4, 6, false]]]],
["create_singleton", [20, [true, 16, [1044431041, 1050714273, 1064892665, 1065353216]]]],
["create_matrix", [20, [1.0, 0.0, 0.0, 0.0, 0.0, 1.0, 0.0, 0.0, 0.0, 0.0, 1.0, 0.0, -5.572999954223633, 28.69099998474121, 21.64699935913086, 1.0], false]],
["add_sphere", [20, 0.40800000000000003, 1, 20, [["color", 20, 0, 0, 4, 6, false]]]],
["create_singleton", [21, [true, 16, [1065353216, 1065353216, 1065353216, 1065353216]]]],
["create_matrix", [21, [1.0, 0.0, 0.0, 0.0, 0.0, 1.0, 0.0, 0.0, 0.0, 0.0, 1.0, 0.0, -6.367000102996826, 29.097999572753906, 21.16200065612793, 1.0], false]],
["add_sphere", [21, 0.23, 1, 21, [["color", 21, 0, 0, 4, 6, false]]]],
["create_singleton", [22, [true, 16, [1065353216, 1065353216, 1065353216, 1065353216]]]],
["create_matrix", [22, [1.0, 0.0, 0.0, 0.0, 0.0, 1.0, 0.0, 0.0, 0.0, 0.0, 1.0, 0.0, -5.685999870300293, 27.827999114990234, 22.1560001373291, 1.0], false]],
["add_sphere", [22, 0.23, 1, 22, [["color", 22, 0, 0, 4, 6, false]]]],
["create_singleton", [23, [true, 16, [1044431041, 1050714273, 1064892665, 1065353216]]]],
["create_matrix", [23, [1.0, 0.0, 0.0, 0.0, 0.0, 1.0, 0.0, 0.0, 0.0, 0.0, 1.0, 0.0, -4.26800012588501, 30.422000885009766, 20.82699966430664, 1.0], false]],
["add_sphere", [23, 0.40800000000000003, 1, 23, [["color", 23, 0, 0, 4, 6, false]]]],
["create_singleton", [24, [true, 16, [1065353216, 1065353216, 1065353216, 1065353216]]]],
["create_matrix", [24, [1.0, 0.0, 0.0, 0.0, 0.0, 1.0, 0.0, 0.0, 0.0, 0.0, 1.0, 0.0, -5.077000141143799, 30.768999099731445, 20.32200050354004, 1.0], false]],
["add_sphere", [24, 0.23, 1, 24, [["color", 24, 0, 0, 4, 6, false]]]],
["create_singleton", [25, [true, 16, [1058050193, 1058050193, 1058050193, 1065353216]]]],
["create_matrix", [25, [1.0, 0.0, 0.0, 0.0, 0.0, 1.0, 0.0, 0.0, 0.0, 0.0, 1.0, 0.0, -3.0980000495910645, 31.07900047302246, 20.714000701904297, 1.0], false]],
["add_sphere", [25, 0.40800000000000003, 1, 25, [["color", 25, 0, 0, 4, 6, false]]]],
["create_singleton", [26, [true, 16, [1044431041, 1050714273, 1064892665, 1065353216]]]],
["create_matrix", [26, [1.0, 0.0, 0.0, 0.0, 0.0, 1.0, 0.0, 0.0, 0.0, 0.0, 1.0, 0.0, -2.996999979019165, 32.224998474121094, 19.97100067138672, 1.0], false]],
["add_sphere", [26, 0.40800000000000003, 1, 26, [["color", 26, 0, 0, 4, 6, false]]]],
["create_singleton", [27, [true, 16, [1058050193, 1058050193, 1058050193, 1065353216]]]],
["create_matrix", [27, [1.0, 0.0, 0.0, 0.0, 0.0, 1.0, 0.0, 0.0, 0.0, 0.0, 1.0, 0.0, -1.7890000343322754, 32.827999114990234, 19.910999298095703, 1.0], false]],
["add_sphere", [27, 0.40800000000000003, 1, 27, [["color", 27, 0, 0, 4, 6, false]]]],
["create_singleton", [28, [true, 16, [1058050193, 1058050193, 1058050193, 1065353216]]]],
["create_matrix", [28, [0.460735559463501, -0.44490933418273926, 0.7679703235626221, 0.0, 0.44490933418273926, -0.6329364776611328, -0.6335985660552979, 0.0, 0.7679703235626221, 0.6335985660552979, -0.09367203712463379, 0.0, -1.6920000314712524, 37.875, 23.70775032043457, 1.0], false]],
["add_cylinder", [28, 0.2, 0.7552100701129467, 1, 28, [["color", 28, 0, 0, 4, 6, false]]]],
["create_singleton", [29, [true, 16, [1058050193, 1058050193, 1058050193, 1065353216]]]],
["create_matrix", [29, [0.8787801265716553, 0.44490933418273926, 0.17263004183769226, 0.0, -0.44490933418273926, 0.6329364776611328, 0.6335985660552979, 0.0, 0.17263004183769226, -0.6335985660552979, 0.7541562914848328, 0.0, -1.3559999465942383, 37.39699935913086, 23.229249954223633, 1.0], false]],
["add_cylinder", [29, 0.2, 0.7552100701129422, 1, 29, [["color", 29, 0, 0, 4, 6, false]]]],
["create_singleton", [30, [true, 16, [1058050193, 1058050193, 1058050193, 1065353216]]]],
["create_matrix", [30, [0.8970534801483154, -0.051144711673259735, -0.43895241618156433, 0.0, 0.051144711673259735, -0.9745908379554749, 0.21807536482810974, 0.0, -0.43895241618156433, -0.21807536482810974, -0.8716443777084351, 0.0, -1.1699999570846558, 36.814998626708984, 23.066749572753906, 1.0], false]],
["add_cylinder", [30, 0.2, 0.7038851113640636, 1, 30, [["color", 30, 0, 0, 4, 6, false]]]],
["create_singleton", [31, [true, 16, [1058050193, 1058050193, 1058050193, 1065353216]]]],
["create_matrix", [31, [0.9986752867698669, 0.051144711673259735, -0.005648461636155844, 0.0, -0.051144711673259735, 0.9745908379554749, -0.21807536482810974, 0.0, -0.005648461636155844, 0.21807536482810974, 0.9759156107902527, 0.0, -1.1339999437332153, 36.12900161743164, 23.22024917602539, 1.0], false]],
["add_cylinder", [31, 0.2, 0.7038851113640636, 1, 31, [["color", 31, 0, 0, 4, 6, false]]]],
["create_singleton", [32, [true, 16, [1058050193, 1058050193, 1058050193, 1065353216]]]],
["create_matrix", [32, [0.8886293172836304, -0.386102557182312, 0.24751317501068115, 0.0, 0.386102557182312, 0.33854949474334717, -0.8580845594406128, 0.0, 0.24751317501068115, 0.8580845594406128, 0.4499201774597168, 0.0, -1.0520000457763672, 37.27724838256836, 22.6877498626709, 1.0], false]],
["add_cylinder", [32, 0.2, 0.7044760464345105, 1, 32, [["color", 32, 0, 0, 4, 6, false]]]],
["create_singleton", [33, [true, 16, [1058050193, 1058050193, 1058050193, 1065353216]]]],
["create_matrix", [33, [0.7746238112449646, 0.386102557182312, 0.5008819699287415, 0.0, -0.386102557182312, -0.33854949474334717, 0.8580845594406128, 0.0, 0.5008819699287415, -0.8580845594406128, -0.11317331343889236, 0.0, -0.7799999713897705, 37.515750885009766, 22.083250045776367, 1.0], false]],
["add_cylinder", [33, 0.2, 0.7044760464345111, 1, 33, [["color", 33, 0, 0, 4, 6, false]]]],
["create_singleton", [34, [true, 16, [1058050193, 1058050193, 1058050193, 1065353216]]]],
["create_matrix", [34, [0.4830593764781952, -0.4337438941001892, 0.7606049180030823, 0.0, 0.4337438941001892, -0.6360630989074707, -0.6381927728652954, 0.0, 0.7606049180030823, 0.6381927728652954, -0.1191224679350853, 0.0, -0.9632499814033508, 35.5620002746582, 23.072250366210938, 1.0], false]],
["add_cylinder", [34, 0.2, 0.704332662880262, 1, 34, [["color", 34, 0, 0, 4, 6, false]]]],
["create_singleton", [35, [true, 16, [1058050193, 1058050193, 1058050193, 1065353216]]]],
["create_matrix", [35, [0.8850082159042358, 0.4337438941001892, 0.16919410228729248, 0.0, -0.4337438941001892, 0.6360630989074707, 0.6381927728652954, 0.0, 0.16919410228729248, -0.6381927728652954, 0.7510548233985901, 0.0, -0.6577500104904175, 35.11399841308594, 22.62274932861328, 1.0], false]],
["add_cylinder", [35, 0.2, 0.704332662880262, 1, 35, [["color", 35, 0, 0, 4, 6, false]]]],
["create_singleton", [36, [true, 16, [1058050193, 1058050193, 1058050193, 1065353216]]]],
["create_matrix", [36, [0.8854150772094727, -0.38947975635528564, 0.25366443395614624, 0.0, 0.38947975635528564, 0.32386088371276855, -0.8622178435325623, 0.0, 0.25366443395614624, 0.8622178435325623, 0.4384458065032959, 0.0, -0.367000013589859, 35.0047492980957, 22.092500686645508, 1.0], false]],
["add_cylinder", [36, 0.2, 0.7086376013167813, 1, 36, [["color", 36, 0, 0, 4, 6, false]]]],
["create_singleton", [37, [true, 16, [1058050193, 1058050193, 1058050193, 1065353216]]]],
["create_matrix", [37, [0.7756460309028625, 0.38947975635528564, 0.49666762351989746, 0.0, -0.38947975635528564, -0.32386088371276855, 0.8622178435325623, 0.0, 0.49666762351989746, -0.8622178435325623, -0.0995069369673729, 0.0, -0.09099999815225601, 35.234249114990234, 21.48150062561035, 1.0], false]],
["add_cylinder", [37, 0.2, 0.708637601316779, 1, 37, [["color", 37, 0, 0, 4, 6, false]]]],
["create_singleton", [38, [true, 16, [1058050193, 1058050193, 1058050193, 1065353216]]]],
["create_matrix", [38, [0.4784916341304779, -0.43507808446884155, 0.7627272009849548, 0.0, 0.43507808446884155, -0.6370279788970947, -0.6363193988800049, 0.0, 0.7627272009849548, 0.6363193988800049, -0.11551962792873383, 0.0, -0.49050000309944153, 37.41025161743164, 21.556499481201172, 1.0], false]],
["add_cylinder", [38, 0.2, 0.7056204716418016, 1, 38, [["color", 38, 0, 0, 4, 6, false]]]],
["create_singleton", [39, [true, 16, [1058050193, 1058050193, 1058050193, 1065353216]]]],
["create_matrix", [39, [0.8843679428100586, 0.43507808446884155, 0.16911661624908447, 0.0, -0.43507808446884155, 0.6370279788970947, 0.6363193988800049, 0.0, 0.16911661624908447, -0.6363193988800049, 0.7526600956916809, 0.0, -0.1835000067949295, 36.960750579833984, 21.107500076293945, 1.0], false]],
["add_cylinder", [39, 0.2, 0.705620471641804, 1, 39, [["color", 39, 0, 0, 4, 6, false]]]],
["create_singleton", [40, [true, 16, [1058050193, 1058050193, 1058050193, 1065353216]]]],
["create_matrix", [40, [0.8722848892211914, -0.05423682555556297, -0.48598092794418335, 0.0, 0.05423682555556297, -0.9769672155380249, 0.2063816785812378, 0.0, -0.48598092794418335, -0.2063816785812378, -0.8492521047592163, 0.0, -0.01075000036507845, 36.389251708984375, 20.956249237060547, 1.0], false]],
["add_cylinder", [40, 0.2, 0.7098498080580146, 1, 40, [["color", 40, 0, 0, 4, 6, false]]]],
["create_singleton", [41, [true, 16, [1058050193, 1058050193, 1058050193, 1065353216]]]],
["create_matrix", [41, [0.9985120296478271, 0.05423682555556297, -0.005661949049681425, 0.0, -0.05423682555556297, 0.9769672155380249, -0.2063816785812378, 0.0, -0.005661949049681425, 0.2063816785812378, 0.9784551858901978, 0.0, 0.02775000035762787, 35.69575119018555, 21.102750778198242, 1.0], false]],
["add_cylinder", [41, 0.2, 0.7098498080580146, 1, 41, [["color", 41, 0, 0, 4, 6, false]]]],
["create_singleton", [42, [true, 16, [1058050193, 1058050193, 1058050193, 1065353216]]]],
["create_matrix", [42, [0.5271742939949036, -0.40993136167526245, 0.7443410158157349, 0.0, 0.40993136167526245, -0.6445968747138977, -0.6453302502632141, 0.0, 0.7443410158157349, 0.6453302502632141, -0.17177118360996246, 0.0, 0.18674999475479126, 35.129249572753906, 20.95599937438965, 1.0], false]],
["add_cylinder", [42, 0.2, 0.6818214575678909, 1, 42, [["color", 42, 0, 0, 4, 6, false]]]],
["create_singleton", [43, [true, 16, [1044431041, 1050714273, 1064892665, 1065353216]]]],
["create_matrix", [43, [0.8978207111358643, 0.40993136167526245, 0.16085468232631683, 0.0, -0.40993136167526245, 0.6445968747138977, 0.6453302502632141, 0.0, 0.16085468232631683, -0.6453302502632141, 0.7467761635780334, 0.0, 0.4662500023841858, 34.68975067138672, 20.516000747680664, 1.0], false]],
["add_cylinder", [43, 0.2, 0.681821457567884, 1, 43, [["color", 43, 0, 0, 4, 6, false]]]],
["create_singleton", [44, [true, 16, [1044431041, 1050714273, 1064892665, 1065353216]]]],
["create_matrix", [44, [0.8333471417427063, -0.46155229210853577, 0.30414149165153503, 0.0, 0.46155229210853577, 0.278288871049881, -0.8423329591751099, 0.0, 0.30414149165153503, 0.8423329591751099, 0.44494175910949707, 0.0, 0.7760000228881836, 34.5724983215332, 19.985750198364258, 1.0], false]],
["add_cylinder", [44, 0.2, 0.7366445886586007, 1, 44, [["color", 44, 0, 0, 4, 6, false]]]],
["create_singleton", [45, [true, 16, [1058050193, 1058050193, 1058050193, 1065353216]]]],
["create_matrix", [45, [0.704825758934021, 0.46155229210853577, 0.5386929512023926, 0.0, -0.46155229210853577, -0.278288871049881, 0.8423329591751099, 0.0, 0.5386929512023926, -0.8423329591751099, 0.016885342076420784, 0.0, 1.1160000562667847, 34.77750015258789, 19.365249633789062, 1.0], false]],
["add_cylinder", [45, 0.2, 0.7366445886586027, 1, 45, [["color", 45, 0, 0, 4, 6, false]]]],
["create_singleton", [46, [true, 16, [1044431041, 1050714273, 1064892665, 1065353216]]]],
["create_matrix", [46, [0.7638927698135376, -0.05616667494177818, -0.6428943276405334, 0.0, 0.05616667494177818, -0.9866387248039246, 0.15293577313423157, 0.0, -0.6428943276405334, -0.15293577313423157, -0.7505314946174622, 0.0, 0.6267499923706055, 34.105499267578125, 20.352500915527344, 1.0], false]],
["add_cylinder", [46, 0.2, 0.7388722826036979, 1, 46, [["color", 46, 0, 0, 4, 6, false]]]],
["create_singleton", [47, [true, 16, [1058050193, 1058050193, 1058050193, 1065353216]]]],
["create_matrix", [47, [0.9984120726585388, 0.05616667494177818, -0.00432383269071579, 0.0, -0.05616667494177818, 0.9866387248039246, -0.15293577313423157, 0.0, -0.00432383269071579, 0.15293577313423157, 0.9882266521453857, 0.0, 0.6682500243186951, 33.37649917602539, 20.465499877929688, 1.0], false]],
["add_cylinder", [47, 0.2, 0.7388722826036979, 1, 47, [["color", 47, 0, 0, 4, 6, false]]]],
["create_singleton", [48, [true, 16, [1058050193, 1058050193, 1058050193, 1065353216]]]],
["create_matrix", [48, [-0.4522930383682251, 0.8883200287818909, 0.07948940992355347, 0.0, -0.8883200287818909, -0.4566437900066376, 0.04862106591463089, 0.0, 0.07948940992355347, -0.04862106591463089, 0.9956492185592651, 0.0, 0.35100001096725464, 32.83824920654297, 20.54050064086914, 1.0], false]],
["add_cylinder", [48, 0.2, 0.7609870235424502, 1, 48, [["color", 48, 0, 0, 4, 6, false]]]],
["create_singleton", [49, [true, 16, [1058050193, 1058050193, 1058050193, 1065353216]]]],
["create_matrix", [49, [0.4582667052745819, -0.8883200287818909, 0.029651083052158356, 0.0, 0.8883200287818909, 0.4566437900066376, -0.04862106591463089, 0.0, 0.029651083052158356, 0.04862106591463089, 0.9983770847320557, 0.0, -0.32499998807907104, 32.49074935913086, 20.577499389648438, 1.0], false]],
["add_cylinder", [49, 0.2, 0.7609870235424535, 1, 49, [["color", 49, 0, 0, 4, 6, false]]]],
["create_singleton", [50, [true, 16, [1058050193, 1058050193, 1058050193, 1065353216]]]],
["create_matrix", [50, [0.9676622748374939, 0.07321680337190628, 0.24138987064361572, 0.0, -0.07321680337190628, -0.8342278003692627, 0.5465375185012817, 0.0, 0.24138987064361572, -0.5465375185012817, -0.8018900752067566, 0.0, -0.687749981880188, 32.03499984741211, 20.780750274658203, 1.0], false]],
["add_cylinder", [50, 0.2, 0.6760743302329996, 1, 50, [["color", 50, 0, 0, 4, 6, false]]]],
["create_singleton", [51, [true, 16, [1044431041, 1050714273, 1064892665, 1065353216]]]],
["create_matrix", [51, [0.9970774054527283, -0.07321680337190628, 0.02181611768901348, 0.0, 0.07321680337190628, 0.8342278003692627, -0.5465375185012817, 0.0, 0.02181611768901348, 0.5465375185012817, 0.8371503949165344, 0.0, -0.7372499704360962, 31.47100067138672, 21.150249481201172, 1.0], false]],
["add_cylinder", [51, 0.2, 0.6760743302330016, 1, 51, [["color", 51, 0, 0, 4, 6, false]]]],
["create_singleton", [52, [true, 16, [1058050193, 1058050193, 1058050193, 1065353216]]]],
["create_matrix", [52, [0.5339657068252563, 0.7965564131736755, -0.28351107239723206, 0.0, -0.7965564131736755, 0.3614922761917114, -0.4845835864543915, 0.0, -0.28351107239723206, 0.4845835864543915, 0.8275265693664551, 0.0, -0.9445000290870667, 32.44475173950195, 20.42474937438965, 1.0], false]],
["add_cylinder", [52, 0.2, 0.7067924023360755, 1, 52, [["color", 52, 0, 0, 4, 6, false]]]],
["create_singleton", [53, [true, 16, [1058050193, 1058050193, 1058050193, 1065353216]]]],
["create_matrix", [53, [0.006273445673286915, -0.7965564131736755, -0.6045317053794861, 0.0, 0.7965564131736755, -0.3614922761917114, 0.4845835864543915, 0.0, -0.6045317053794861, -0.4845835864543915, 0.6322342753410339, 0.0, -1.5075000524520874, 32.70024871826172, 20.082250595092773, 1.0], false]],
["add_cylinder", [53, 0.2, 0.7067924023360747, 1, 53, [["color", 53, 0, 0, 4, 6, false]]]],
["create_singleton", [54, [true, 16, [1044431041, 1050714273, 1064892665, 1065353216]]]],
["create_matrix", [54, [-0.4612998068332672, 0.8838261365890503, 0.07780630886554718, 0.0, -0.8838261365890503, -0.46544256806373596, 0.047058962285518646, 0.0, 0.07780630886554718, -0.047058962285518646, 0.9958572387695312, 0.0, -1.0625, 31.030750274658203, 21.35099983215332, 1.0], false]],
["add_cylinder", [54, 0.2, 0.6799979779381691, 1, 54, [["color", 54, 0, 0, 4, 6, false]]]],
["create_singleton", [55, [true, 16, [1058050193, 1058050193, 1058050193, 1065353216]]]],
["create_matrix", [55, [0.46695375442504883, -0.8838261365890503, 0.02838183008134365, 0.0, 0.8838261365890503, 0.46544256806373596, -0.047058962285518646, 0.0, 0.02838183008134365, 0.047058962285518646, 0.9984888434410095, 0.0, -1.6634999513626099, 30.714250564575195, 21.382999420166016, 1.0], false]],
["add_cylinder", [55, 0.2, 0.6799979779381707, 1, 55, [["color", 55, 0, 0, 4, 6, false]]]],
["create_singleton", [56, [true, 16, [1058050193, 1058050193, 1058050193, 1065353216]]]],
["create_matrix", [56, [0.908344566822052, 0.11949154734611511, 0.4007890820503235, 0.0, -0.11949154734611511, -0.844218373298645, 0.5225103497505188, 0.0, 0.4007890820503235, -0.5225103497505188, -0.752562940120697, 0.0, -2.0062499046325684, 30.25749969482422, 21.583749771118164, 1.0], false]],
["add_cylinder", [56, 0.2, 0.7071629939412859, 1, 56, [["color", 56, 0, 0, 4, 6, false]]]],
["create_singleton", [57, [true, 16, [1058050193, 1058050193, 1058050193, 1065353216]]]],
["create_matrix", [57, [0.992257833480835, -0.11949154734611511, 0.033854760229587555, 0.0, 0.11949154734611511, 0.844218373298645, -0.5225103497505188, 0.0, 0.033854760229587555, 0.5225103497505188, 0.8519605398178101, 0.0, -2.090749979019165, 29.660499572753906, 21.953250885009766, 1.0], false]],
["add_cylinder", [57, 0.2, 0.707162993941284, 1, 57, [["color", 57, 0, 0, 4, 6, false]]]],
["create_singleton", [58, [true, 16, [1058050193, 1058050193, 1058050193, 1065353216]]]],
["create_matrix", [58, [0.5363641381263733, 0.7961649894714355, -0.2800622284412384, 0.0, -0.7961649894714355, 0.36719071865081787, -0.48092857003211975, 0.0, -0.2800622284412384, 0.48092857003211975, 0.8308265805244446, 0.0, -2.247499942779541, 30.686750411987305, 21.227750778198242, 1.0], false]],
["add_cylinder", [58, 0.2, 0.7121639558416316, 1, 58, [["color", 58, 0, 0, 4, 6, false]]]],
["create_singleton", [59, [true, 16, [1058050193, 1058050193, 1058050193, 1065353216]]]],
["create_matrix", [59, [-0.001689921016804874, -0.7961649894714355, -0.6050772666931152, 0.0, 0.7961649894714355, -0.36719071865081787, 0.48092857003211975, 0.0, -0.6050772666931152, -0.48092857003211975, 0.634499192237854, 0.0, -2.814500093460083, 30.94824981689453, 20.885250091552734, 1.0], false]],
["add_cylinder", [59, 0.2, 0.7121639558416306, 1, 59, [["color", 59, 0, 0, 4, 6, false]]]],
["create_singleton", [60, [true, 16, [1058050193, 1058050193, 1058050193, 1065353216]]]],
["create_matrix", [60, [0.0019511001883074641, -0.7685391306877136, -0.6397998332977295, 0.0, 0.7685391306877136, -0.4081929624080658, 0.4926724433898926, 0.0, -0.6397998332977295, -0.4926724433898926, 0.589855968952179, 0.0, -1.8760000467300415, 29.225500106811523, 22.302749633789062, 1.0], false]],
["add_cylinder", [60, 0.2, 0.6688013531684871, 1, 60, [["color", 60, 0, 0, 4, 6, false]]]],
["create_singleton", [61, [true, 16, [1044431041, 1050714273, 1064892665, 1065353216]]]],
["create_matrix", [61, [0.580560028553009, 0.7685391306877136, -0.26888221502304077, 0.0, -0.7685391306877136, 0.4081929624080658, -0.4926724433898926, 0.0, -0.26888221502304077, 0.4926724433898926, 0.8276329040527344, 0.0, -1.3619999885559082, 28.952499389648438, 22.63224983215332, 1.0], false]],
["add_cylinder", [61, 0.2, 0.6688013531684871, 1, 61, [["color", 61, 0, 0, 4, 6, false]]]],
["create_singleton", [62, [true, 16, [1058050193, 1058050193, 1058050193, 1065353216]]]],
["create_matrix", [62, [-0.4435723125934601, 0.8895835876464844, 0.10901666432619095, 0.0, -0.8895835876464844, -0.45180511474609375, 0.06718017160892487, 0.0, 0.10901666432619095, -0.06718017160892487, 0.9917672276496887, 0.0, -2.4342501163482666, 29.208999633789062, 22.160749435424805, 1.0], false]],
["add_cylinder", [62, 0.2, 0.677283175636307, 1, 62, [["color", 62, 0, 0, 4, 6, false]]]],
["create_singleton", [63, [true, 16, [1044431041, 1050714273, 1064892665, 1065353216]]]],
["create_matrix", [63, [0.45491376519203186, -0.8895835876464844, 0.04116418957710266, 0.0, 0.8895835876464844, 0.45180511474609375, -0.06718017160892487, 0.0, 0.04116418957710266, 0.06718017160892487, 0.9968913197517395, 0.0, -3.036750078201294, 28.902999877929688, 22.206249237060547, 1.0], false]],
["add_cylinder", [63, 0.2, 0.6772831756363051, 1, 63, [["color", 63, 0, 0, 4, 6, false]]]],
["create_singleton", [64, [true, 16, [1044431041, 1050714273, 1064892665, 1065353216]]]],
["create_matrix", [64, [0.34608617424964905, -0.9336094260215759, 0.0927242860198021, 0.0, 0.9336094260215759, 0.33293795585632324, -0.13238483667373657, 0.0, 0.0927242860198021, 0.13238483667373657, 0.9868518114089966, 0.0, -0.8687499761581421, 28.900249481201172, 22.763500213623047, 1.0], false]],
["add_cylinder", [64, 0.2, 0.5061002865045616, 1, 64, [["color", 64, 0, 0, 4, 6, false]]]],
["create_singleton", [65, [true, 16, [1065353216, 1065353216, 1065353216, 1065353216]]]],
["create_matrix", [65, [-0.30666494369506836, 0.9336094260215759, 0.18528370559215546, 0.0, -0.9336094260215759, -0.33293795585632324, 0.13238483667373657, 0.0, 0.18528370559215546, -0.13238483667373657, 0.9737269878387451, 0.0, -0.39625000953674316, 29.068750381469727, 22.696500778198242, 1.0], false]],
["add_cylinder", [65, 0.2, 0.5061002865045627, 1, 65, [["color", 65, 0, 0, 4, 6, false]]]],
["create_singleton", [66, [true, 16, [1044431041, 1050714273, 1064892665, 1065353216]]]],
["create_matrix", [66, [0.863319993019104, 0.13189895451068878, 0.4871152639389038, 0.0, -0.13189895451068878, -0.8727148771286011, 0.47007596492767334, 0.0, 0.4871152639389038, -0.47007596492767334, -0.7360348701477051, 0.0, -1.1382499933242798, 28.59600067138672, 22.91550064086914, 1.0], false]],
["add_cylinder", [66, 0.2, 0.504173829150225, 1, 66, [["color", 66, 0, 0, 4, 6, false]]]],
["create_singleton", [67, [true, 16, [1065353216, 1065353216, 1065353216, 1065353216]]]],
["create_matrix", [67, [0.9907100796699524, -0.13189895451068878, 0.033108364790678024, 0.0, 0.13189895451068878, 0.8727148771286011, -0.47007596492767334, 0.0, 0.033108364790678024, 0.47007596492767334, 0.8820047974586487, 0.0, -1.2047499418258667, 28.1560001373291, 23.15250015258789, 1.0], false]],
["add_cylinder", [67, 0.2, 0.5041738291502236, 1, 67, [["color", 67, 0, 0, 4, 6, false]]]],
["create_singleton", [68, [true, 16, [1044431041, 1050714273, 1064892665, 1065353216]]]],
["create_matrix", [68, [0.574885904788971, 0.7719723582267761, -0.27122846245765686, 0.0, -0.7719723582267761, 0.4018385112285614, -0.49252867698669434, 0.0, -0.27122846245765686, 0.49252867698669434, 0.8269526362419128, 0.0, -3.59975004196167, 28.886249542236328, 22.062000274658203, 1.0], false]],
["add_cylinder", [68, 0.2, 0.6781330990299766, 1, 68, [["color", 68, 0, 0, 4, 6, false]]]],
["create_singleton", [69, [true, 16, [1058050193, 1058050193, 1058050193, 1065353216]]]],
["create_matrix", [69, [0.003711668075993657, -0.7719723582267761, -0.6356452703475952, 0.0, 0.7719723582267761, -0.4018385112285614, 0.49252867698669434, 0.0, -0.6356452703475952, -0.49252867698669434, 0.5944498181343079, 0.0, -4.1232500076293945, 29.158750534057617, 21.72800064086914, 1.0], false]],
["add_cylinder", [69, 0.2, 0.6781330990299766, 1, 69, [["color", 69, 0, 0, 4, 6, false]]]],
["create_singleton", [70, [true, 16, [1058050193, 1058050193, 1058050193, 1065353216]]]],
["create_matrix", [70, [-0.444694846868515, 0.8895555138587952, 0.1045822873711586, 0.0, -0.8895555138587952, -0.4522656202316284, 0.06439543515443802, 0.0, 0.1045822873711586, -0.06439543515443802, 0.992429256439209, 0.0, -4.682000160217285, 29.143999099731445, 21.582500457763672, 1.0], false]],
["add_cylinder", [70, 0.2, 0.6677492044173471, 1, 70, [["color", 70, 0, 0, 4, 6, false]]]],
["create_singleton", [71, [true, 16, [1044431041, 1050714273, 1064892665, 1065353216]]]],
["create_matrix", [71, [0.4551209807395935, -0.8895555138587952, 0.039444103837013245, 0.0, 0.8895555138587952, 0.4522656202316284, -0.06439543515443802, 0.0, 0.039444103837013245, 0.06439543515443802, 0.9971446394920349, 0.0, -5.276000022888184, 28.841999053955078, 21.625499725341797, 1.0], false]],
["add_cylinder", [71, 0.2, 0.6677492044173488, 1, 71, [["color", 71, 0, 0, 4, 6, false]]]],
["create_singleton", [72, [true, 16, [1058050193, 1058050193, 1058050193, 1065353216]]]],
["create_matrix", [72, [0.9959064722061157, -0.08666490763425827, 0.025680799037218094, 0.0, 0.08666490763425827, 0.8347978591918945, -0.5436926484107971, 0.0, 0.025680799037218094, 0.5436926484107971, 0.8388913869857788, 0.0, -4.35575008392334, 29.576749801635742, 21.377500534057617, 1.0], false]],
["add_cylinder", [72, 0.2, 0.6750137035645983, 1, 72, [["color", 72, 0, 0, 4, 6, false]]]],
["create_singleton", [73, [true, 16, [1044431041, 1050714273, 1064892665, 1065353216]]]],
["create_matrix", [73, [0.9545356631278992, 0.08666490763425827, 0.285220742225647, 0.0, -0.08666490763425827, -0.8347978591918945, 0.5436926484107971, 0.0, 0.285220742225647, -0.5436926484107971, -0.7893335223197937, 0.0, -4.297249794006348, 30.140249252319336, 21.010499954223633, 1.0], false]],
["add_cylinder", [73, 0.2, 0.6750137035646032, 1, 73, [["color", 73, 0, 0, 4, 6, false]]]],
["create_singleton", [74, [true, 16, [1044431041, 1050714273, 1064892665, 1065353216]]]],
["create_matrix", [74, [0.5636011362075806, 0.7818543910980225, -0.26656606793403625, 0.0, -0.7818543910980225, 0.4007742404937744, -0.47758108377456665, 0.0, -0.26656606793403625, 0.47758108377456665, 0.8371731042861938, 0.0, -5.771500110626221, 28.792749404907227, 21.52574920654297, 1.0], false]],
["add_cylinder", [74, 0.2, 0.5077671710538214, 1, 74, [["color", 74, 0, 0, 4, 6, false]]]],
["create_singleton", [75, [true, 16, [1065353216, 1065353216, 1065353216, 1065353216]]]],
["create_matrix", [75, [-0.020143574103713036, -0.7818543910980225, -0.6231355667114258, 0.0, 0.7818543910980225, -0.4007742404937744, 0.47758108377456665, 0.0, -0.6231355667114258, -0.47758108377456665, 0.6193693280220032, 0.0, -6.168499946594238, 28.99625015258789, 21.28325080871582, 1.0], false]],
["add_cylinder", [75, 0.2, 0.5077671710538194, 1, 75, [["color", 75, 0, 0, 4, 6, false]]]],
["create_singleton", [76, [true, 16, [1044431041, 1050714273, 1064892665, 1065353216]]]],
["create_matrix", [76, [0.9128261804580688, 0.11207257211208344, 0.3926679491996765, 0.0, -0.11207257211208344, -0.8559170365333557, 0.5048224925994873, 0.0, 0.3926679491996765, -0.5048224925994873, -0.7687432169914246, 0.0, -5.601250171661377, 28.475250244140625, 21.774250030517578, 1.0], false]],
["add_cylinder", [76, 0.2, 0.5041376300178354, 1, 76, [["color", 76, 0, 0, 4, 6, false]]]],
["create_singleton", [77, [true, 16, [1065353216, 1065353216, 1065353216, 1065353216]]]],
["create_matrix", [77, [0.9932323098182678, -0.11207257211208344, 0.030484525486826897, 0.0, 0.11207257211208344, 0.8559170365333557, -0.5048224925994873, 0.0, 0.030484525486826897, 0.5048224925994873, 0.8626847267150879, 0.0, -5.657750129699707, 28.043750762939453, 22.028749465942383, 1.0], false]],
["add_cylinder", [77, 0.2, 0.5041376300178354, 1, 77, [["color", 77, 0, 0, 4, 6, false]]]],
["create_singleton", [78, [true, 16, [1044431041, 1050714273, 1064892665, 1065353216]]]],
["create_matrix", [78, [0.5264477133750916, 0.797164261341095, -0.2956043481826782, 0.0, -0.797164261341095, 0.3419233560562134, -0.4976118206977844, 0.0, -0.2956043481826782, 0.4976118206977844, 0.8154756426811218, 0.0, -4.470250129699707, 30.508750915527344, 20.70075035095215, 1.0], false]],
["add_cylinder", [78, 0.2, 0.5074236395754543, 1, 78, [["color", 78, 0, 0, 4, 6, false]]]],
["create_singleton", [79, [true, 16, [1065353216, 1065353216, 1065353216, 1065353216]]]],
["create_matrix", [79, [0.03435123339295387, -0.797164261341095, -0.6027844548225403, 0.0, 0.797164261341095, -0.3419233560562134, 0.4976118206977844, 0.0, -0.6027844548225403, -0.4976118206977844, 0.623725414276123, 0.0, -4.874750137329102, 30.682249069213867, 20.44824981689453, 1.0], false]],
["add_cylinder", [79, 0.2, 0.5074236395754539, 1, 79, [["color", 79, 0, 0, 4, 6, false]]]],
["create_singleton", [80, [true, 16, [1044431041, 1050714273, 1064892665, 1065353216]]]],
["create_matrix", [80, [0.4926299750804901, -0.8688581585884094, 0.049002405256032944, 0.0, 0.8688581585884094, 0.48789727687835693, -0.0839153602719307, 0.0, 0.049002405256032944, 0.0839153602719307, 0.9952672719955444, 0.0, -3.9755001068115234, 30.58625030517578, 20.798749923706055, 1.0], false]],
["add_cylinder", [80, 0.2, 0.6732974825439358, 1, 80, [["color", 80, 0, 0, 4, 6, false]]]],
["create_singleton", [81, [true, 16, [1058050193, 1058050193, 1058050193, 1065353216]]]],
["create_matrix", [81, [-0.4741465449333191, 0.8688581585884094, 0.14237484335899353, 0.0, -0.8688581585884094, -0.48789727687835693, 0.0839153602719307, 0.0, 0.14237484335899353, -0.0839153602719307, 0.9862492680549622, 0.0, -3.390500068664551, 30.914749145507812, 20.742250442504883, 1.0], false]],
["add_cylinder", [81, 0.2, 0.6732974825439337, 1, 81, [["color", 81, 0, 0, 4, 6, false]]]],
["create_singleton", [82, [true, 16, [1058050193, 1058050193, 1058050193, 1065353216]]]],
["create_matrix", [82, [0.9970389008522034, -0.07374884188175201, 0.02178298681974411, 0.0, 0.07374884188175201, 0.8367937803268433, -0.5425286293029785, 0.0, 0.02178298681974411, 0.5425286293029785, 0.8397548794746399, 0.0, -3.0727500915527344, 31.36549949645996, 20.528249740600586, 1.0], false]],
["add_cylinder", [82, 0.2, 0.6847565260733179, 1, 82, [["color", 82, 0, 0, 4, 6, false]]]],
["create_singleton", [83, [true, 16, [1044431041, 1050714273, 1064892665, 1065353216]]]],
["create_matrix", [83, [0.9666747450828552, 0.07374884188175201, 0.2451552003622055, 0.0, -0.07374884188175201, -0.8367937803268433, 0.5425286293029785, 0.0, 0.2451552003622055, -0.5425286293029785, -0.8034685254096985, 0.0, -3.022249937057495, 31.938499450683594, 20.156749725341797, 1.0], false]],
["add_cylinder", [83, 0.2, 0.6847565260733199, 1, 83, [["color", 83, 0, 0, 4, 6, false]]]],
["create_singleton", [84, [true, 16, [1044431041, 1050714273, 1064892665, 1065353216]]]],
["create_matrix", [84, [0.44754350185394287, -0.8938410878181458, 0.027439892292022705, 0.0, 0.8938410878181458, 0.4461806118488312, -0.04439608007669449, 0.0, 0.027439892292022705, 0.04439608007669449, 0.9986370801925659, 0.0, -2.694999933242798, 32.37575149536133, 19.95599937438965, 1.0], false]],
["add_cylinder", [84, 0.2, 0.6757353402035432, 1, 84, [["color", 84, 0, 0, 4, 6, false]]]],
["create_singleton", [85, [true, 16, [1058050193, 1058050193, 1058050193, 1065353216]]]],
["create_matrix", [85, [-0.442621648311615, 0.8938410878181458, 0.07165339589118958, 0.0, -0.8938410878181458, -0.4461806118488312, 0.04439608007669449, 0.0, 0.07165339589118958, -0.04439608007669449, 0.9964410662651062, 0.0, -2.0910000801086426, 32.677249908447266, 19.926000595092773, 1.0], false]],
["add_cylinder", [85, 0.2, 0.6757353402035463, 1, 85, [["color", 85, 0, 0, 4, 6, false]]]],
["set_uniform", [0, "Ambient", 11, [true, 16, [1045019230, 1045019230, 1045019230, 1065353216]]]],
["set_uniform", [0, "FillDiffuse", 11, [true, 16, [1054682907, 1054682907, 1054682907, 1065353216]]]],
["set_uniform", [0, "FillPosition", 11, [true, 16, [1048609554, 1048609554, 1064262697, 0]]]],
["set_uniform", [0, "KeyDiffuse", 11, [true, 16, [1061091803, 1061091803, 1061091803, 1065353216]]]],
