[
["bg",0.663,0.663,0.663],
["cofr",-2.867,13.142,21.614],
["eyepos",-2.867,13.142,263.247],
["up",0,1,0],
["persp",7.648],
["ld",0.634,0.634,0.634,0.357,-0.66,-0.66],
["ld",0.52,0.52,0.52,-0.251,-0.251,-0.935],
["la",0.2,0.2,0.2],
["s",0.2,[0.534,19.781,16.662],[1.0,0.051,0.051,1]],
["s",0.2,[0.063,20.837,17.776],[1.0,0.502,0.0,1]],
["s",0.2,[-1.36,21.164,17.534],[1.0,0.051,0.051,1]],
["s",0.2,[1.072,21.919,17.84],[1.0,0.051,0.051,1]],
["s",0.2,[0.164,19.971,19.128],[1.0,0.051,0.051,1]],
["s",0.2,[-0.254,20.512,20.386],[0.824,0.706,0.549,1]],
["s",0.2,[0.26,19.669,21.548],[0.824,0.706,0.549,1]],
["s",0.2,[-0.18,20.212,22.81],[1.0,0.051,0.051,1]],
["s",0.2,[-0.252,18.241,21.455],[0.824,0.706,0.549,1]],
["s",0.2,[0.74,17.361,20.9],[1.0,0.051,0.051,1]],
["s",0.2,[-0.61,17.851,22.868],[0.824,0.706,0.549,1]],
["s",0.2,[0.406,17.023,23.445],[1.0,0.051,0.051,1]],
["s",0.2,[-0.734,19.162,23.634],[0.824,0.706,0.549,1]],
["s",0.2,[-2.143,19.454,23.968],[0.188,0.314,0.973,1]],
["s",0.2,[0.882,16.605,22.719],[1.0,1.0,1.0,1]],
["s",0.2,[1.302,19.329,17.015],[1.0,1.0,1.0,1]],
["s",0.2,[0.423,16.499,19.573],[1.0,0.502,0.0,1]],
["s",0.2,[0.455,17.411,18.405],[1.0,0.051,0.051,1]],
["s",0.2,[-0.785,15.68,19.833],[1.0,0.051,0.051,1]],
["s",0.2,[1.694,15.509,19.466],[1.0,0.051,0.051,1]],
["s",0.2,[1.623,14.16,19.949],[0.824,0.706,0.549,1]],
["s",0.2,[2.339,14.0,21.287],[0.824,0.706,0.549,1]],
["s",0.2,[1.816,14.931,22.263],[1.0,0.051,0.051,1]],
["s",0.2,[2.139,12.599,21.846],[0.824,0.706,0.549,1]],
["s",0.2,[3.248,11.724,21.554],[1.0,0.051,0.051,1]],
["s",0.2,[1.966,12.8,23.329],[0.824,0.706,0.549,1]],
["s",0.2,[3.206,12.597,24.018],[1.0,0.051,0.051,1]],
["s",0.2,[1.485,14.231,23.485],[0.824,0.706,0.549,1]],
["s",0.2,[0.023,14.264,23.738],[0.188,0.314,0.973,1]],
["s",0.2,[3.839,12.277,23.37],[1.0,1.0,1.0,1]],
["s",0.2,[2.99,10.139,21.326],[1.0,0.502,0.0,1]],
["s",0.2,[4.244,9.412,21.622],[1.0,0.051,0.051,1]],
["s",0.2,[2.321,9.963,20.018],[1.0,0.051,0.051,1]],
["s",0.2,[1.925,9.815,22.482],[1.0,0.051,0.051,1]],
["s",0.2,[2.346,9.767,23.844],[0.824,0.706,0.549,1]],
["s",0.2,[1.17,9.635,24.797],[0.824,0.706,0.549,1]],
["s",0.2,[0.351,10.828,24.814],[1.0,0.051,0.051,1]],
["s",0.2,[0.251,8.502,24.404],[0.824,0.706,0.549,1]],
["s",0.2,[0.704,7.242,24.907],[1.0,0.051,0.051,1]],
["s",0.2,[-1.056,8.928,24.991],[0.824,0.706,0.549,1]],
["s",0.2,[-1.127,8.572,26.378],[1.0,0.051,0.051,1]],
["s",0.2,[-1.045,10.435,24.82],[0.824,0.706,0.549,1]],
["s",0.2,[-1.707,10.835,23.554],[0.188,0.314,0.973,1]],
["s",0.2,[-0.602,7.777,26.492],[1.0,1.0,1.0,1]],
["s",0.2,[0.342,5.887,24.114],[1.0,0.502,0.0,1]],
["s",0.2,[1.117,4.777,24.712],[1.0,0.051,0.051,1]],
["s",0.2,[0.435,6.156,22.661],[1.0,0.051,0.051,1]],
["s",0.2,[-1.203,5.686,24.491],[1.0,0.051,0.051,1]],
["s",0.2,[-1.595,5.426,25.843],[0.824,0.706,0.549,1]],
["s",0.2,[-3.108,5.428,25.978],[0.824,0.706,0.549,1]],
["s",0.2,[-3.66,6.71,25.627],[1.0,0.051,0.051,1]],
["s",0.2,[-3.724,4.454,25.006],[0.824,0.706,0.549,1]],
["s",0.2,[-3.688,3.109,25.485],[1.0,0.051,0.051,1]],
["s",0.2,[-5.108,4.982,24.842],[0.824,0.706,0.549,1]],
["s",0.2,[-5.976,4.488,25.869],[1.0,0.051,0.051,1]],
["s",0.2,[-4.929,6.486,24.96],[0.824,0.706,0.549,1]],
["s",0.2,[-4.881,7.089,23.613],[0.188,0.314,0.973,1]],
["s",0.2,[-6.531,3.81,25.472],[1.0,1.0,1.0,1]],
["c",0.2,0.767,[[0.915,0.383,0.127,-0.587],[-0.383,0.727,0.57,19.441],[0.127,-0.57,0.812,23.415]],[0.824,0.706,0.549,1]],
["c",0.2,0.677,[[0.462,-0.383,0.8,-0.31],[0.383,-0.727,-0.57,19.966],[0.8,0.57,-0.189,23.004]],[1.0,0.051,0.051,1]],
["c",0.2,0.755,[[0.24,-0.954,0.18,-1.094],[0.954,0.198,-0.226,19.237],[0.18,0.226,0.957,23.72]],[0.824,0.706,0.549,1]],
["c",0.2,0.722,[[-0.134,0.954,0.269,-1.799],[-0.954,-0.198,0.226,19.383],[0.269,-0.226,0.936,23.887]],[0.188,0.314,0.973,1]],
["c",0.2,1.523,[[0.952,0.082,0.294,-0.672],[-0.082,-0.86,0.503,18.507],[0.294,-0.503,-0.813,23.251]],[0.824,0.706,0.549,1]],
["c",0.2,1.509,[[0.955,0.237,0.176,-0.431],[-0.237,0.258,0.937,18.046],[0.176,-0.937,0.303,22.161]],[0.824,0.706,0.549,1]],
["c",0.2,0.761,[[-0.194,0.709,-0.678,-0.34],[-0.709,-0.578,-0.403,17.631],[-0.678,0.403,0.615,23.021]],[0.824,0.706,0.549,1]],
["c",0.2,0.671,[[0.681,-0.709,-0.181,0.168],[0.709,0.578,0.403,17.217],[-0.181,-0.403,0.897,23.309]],[1.0,0.051,0.051,1]],
["c",0.2,1.52,[[0.941,0.337,-0.011,0.004],[-0.337,0.939,-0.062,18.955],[-0.011,0.062,0.998,21.501]],[0.824,0.706,0.549,1]],
["c",0.2,0.764,[[-0.228,0.69,0.687,0.011],[-0.69,-0.612,0.386,18.007],[0.687,-0.386,0.616,21.307]],[0.824,0.706,0.549,1]],
["c",0.2,0.674,[[0.704,-0.69,0.165,0.507],[0.69,0.612,-0.386,17.567],[0.165,0.386,0.908,21.03]],[1.0,0.051,0.051,1]],
["c",0.2,1.525,[[0.927,-0.337,-0.166,0.003],[0.337,0.553,0.762,20.09],[-0.166,-0.762,0.626,20.967]],[0.824,0.706,0.549,1]],
["c",0.2,0.766,[[0.932,-0.305,0.194,0.143],[0.305,0.376,-0.875,19.813],[0.194,0.875,0.444,21.884]],[0.824,0.706,0.549,1]],
["c",0.2,0.676,[[0.851,0.305,0.428,-0.077],[-0.305,-0.376,0.875,20.085],[0.428,-0.875,-0.227,22.515]],[1.0,0.051,0.051,1]],
["c",0.2,0.76,[[0.863,0.292,0.412,-0.143],[-0.292,-0.377,0.879,20.368],[0.412,-0.879,-0.24,20.052]],[0.824,0.706,0.549,1]],
["c",0.2,0.671,[[0.938,-0.292,0.186,0.066],[0.292,0.377,-0.879,20.098],[0.186,0.879,0.439,19.423]],[1.0,0.051,0.051,1]],
["c",0.2,0.716,[[0.997,-0.063,-0.034,0.142],[0.063,0.538,0.841,20.164],[-0.034,-0.841,0.541,18.828]],[1.0,0.051,0.051,1]],
["c",0.2,0.893,[[0.992,0.063,-0.114,0.091],[-0.063,-0.538,-0.841,20.597],[-0.114,0.841,-0.53,18.151]],[1.0,0.502,0.0,1]],
["c",0.2,0.385,[[0.83,-0.494,0.26,0.787],[0.494,0.434,-0.753,16.689],[0.26,0.753,0.604,22.864]],[1.0,1.0,1.0,1]],
["c",0.2,0.578,[[0.568,0.494,0.658,0.549],[-0.494,-0.434,0.753,16.898],[0.658,-0.753,-0.002,23.227]],[1.0,0.051,0.051,1]],
["c",0.2,0.383,[[0.564,-0.801,-0.2,1.148],[0.801,0.472,0.368,19.42],[-0.2,-0.368,0.908,16.944]],[1.0,1.0,1.0,1]],
["c",0.2,0.575,[[-0.215,0.801,-0.558,0.764],[-0.801,-0.472,-0.368,19.646],[-0.558,0.368,0.744,16.768]],[1.0,0.051,0.051,1]],
["c",0.2,0.658,[[-0.187,0.962,-0.202,-1.043],[-0.962,-0.221,-0.163,21.091],[-0.202,0.163,0.966,17.588]],[1.0,0.051,0.051,1]],
["c",0.2,0.821,[[0.243,-0.962,-0.129,-0.332],[0.962,0.221,0.163,20.928],[-0.129,-0.163,0.978,17.709]],[1.0,0.502,0.0,1]],
["c",0.2,0.659,[[-0.724,-0.681,-0.109,0.847],[0.681,-0.731,0.043,21.678],[-0.109,-0.043,0.993,17.826]],[1.0,0.051,0.051,1]],
["c",0.2,0.822,[[0.732,0.681,-0.017,0.343],[-0.681,0.731,-0.043,21.137],[-0.017,0.043,0.999,17.794]],[1.0,0.502,0.0,1]],
["c",0.2,0.714,[[0.948,-0.293,0.123,0.429],[0.293,0.658,-0.694,20.016],[0.123,0.694,0.71,16.91]],[1.0,0.051,0.051,1]],
["c",0.2,0.891,[[0.749,0.293,0.594,0.194],[-0.293,-0.658,0.694,20.544],[0.594,-0.694,-0.406,17.467]],[1.0,0.502,0.0,1]],
["c",0.2,1.518,[[-0.758,0.317,0.571,1.725],[-0.317,-0.943,0.103,13.516],[0.571,-0.103,0.815,23.407]],[0.824,0.706,0.549,1]],
["c",0.2,0.769,[[0.965,0.229,0.13,1.573],[-0.229,0.484,0.845,14.417],[0.13,-0.845,0.519,23.16]],[0.824,0.706,0.549,1]],
["c",0.2,0.678,[[0.899,-0.229,0.374,1.738],[0.229,-0.484,-0.845,14.767],[0.374,0.845,-0.382,22.549]],[1.0,0.051,0.051,1]],
["c",0.2,0.759,[[0.051,-0.985,0.164,1.111],[0.985,0.022,-0.171,14.24],[0.164,0.171,0.972,23.55]],[0.824,0.706,0.549,1]],
["c",0.2,0.725,[[0.008,0.985,0.172,0.38],[-0.985,-0.022,0.171,14.256],[0.172,-0.171,0.97,23.676]],[0.188,0.314,0.973,1]],
["c",0.2,1.507,[[0.985,0.115,0.131,2.053],[-0.115,-0.133,0.984,12.699],[0.131,-0.984,-0.118,22.587]],[0.824,0.706,0.549,1]],
["c",0.2,0.761,[[0.128,0.866,-0.484,2.295],[-0.866,-0.141,-0.481,12.746],[-0.484,0.481,0.731,23.512]],[0.824,0.706,0.549,1]],
["c",0.2,0.672,[[0.343,-0.866,-0.365,2.916],[0.866,0.141,0.481,12.645],[-0.365,-0.481,0.798,23.857]],[1.0,0.051,0.051,1]],
["c",0.2,1.521,[[0.991,0.131,0.025,2.239],[-0.131,0.921,0.367,13.3],[0.025,-0.367,0.93,21.567]],[0.824,0.706,0.549,1]],
["c",0.2,0.766,[[-0.503,0.769,0.395,2.434],[-0.769,-0.607,0.202,12.367],[0.395,-0.202,0.896,21.768]],[0.824,0.706,0.549,1]],
["c",0.2,0.676,[[0.632,-0.769,0.097,2.988],[0.769,0.607,-0.202,11.929],[0.097,0.202,0.975,21.623]],[1.0,0.051,0.051,1]],
["c",0.2,1.527,[[0.801,-0.469,-0.372,1.981],[0.469,0.105,0.877,14.08],[-0.372,-0.877,0.304,20.618]],[0.824,0.706,0.549,1]],
["c",0.2,0.768,[[0.92,-0.362,0.148,2.2],[0.362,0.644,-0.674,14.248],[0.148,0.674,0.723,21.546]],[0.824,0.706,0.549,1]],
["c",0.2,0.678,[[0.633,0.362,0.685,1.938],[-0.362,-0.644,0.674,14.713],[0.685,-0.674,-0.277,22.034]],[1.0,0.051,0.051,1]],
["c",0.2,0.762,[[0.999,0.05,0.009,1.642],[-0.05,0.94,0.336,14.519],[0.009,-0.336,0.942,19.821]],[0.824,0.706,0.549,1]],
["c",0.2,0.672,[[0.959,-0.05,0.28,1.677],[0.05,-0.94,-0.336,15.193],[0.28,0.336,-0.899,19.579]],[1.0,0.051,0.051,1]],
["c",0.2,0.718,[[0.616,-0.787,0.032,1.411],[0.787,0.613,-0.066,15.73],[0.032,0.066,0.997,19.49]],[1.0,0.051,0.051,1]],
["c",0.2,0.896,[[-0.602,0.787,0.134,0.776],[-0.787,-0.613,0.066,16.225],[0.134,-0.066,0.989,19.543]],[1.0,0.502,0.0,1]],
["c",0.2,0.384,[[0.674,-0.659,0.333,3.713],[0.659,0.333,-0.675,12.341],[0.333,0.675,0.659,23.499]],[1.0,1.0,1.0,1]],
["c",0.2,0.577,[[0.349,0.659,0.666,3.396],[-0.659,-0.333,0.675,12.501],[0.666,-0.675,0.318,23.824]],[1.0,0.051,0.051,1]],
["c",0.2,0.66,[[0.999,-0.021,0.044,0.448],[0.021,-0.615,-0.788,17.208],[0.044,0.788,-0.614,18.665]],[1.0,0.051,0.051,1]],
["c",0.2,0.823,[[1.0,0.021,0.01,0.432],[-0.021,0.615,0.788,16.752],[0.01,-0.788,0.616,19.249]],[1.0,0.502,0.0,1]],
["c",0.2,0.66,[[0.572,0.815,0.092,-0.516],[-0.815,0.552,0.175,15.862],[0.092,-0.175,0.98,19.775]],[1.0,0.051,0.051,1]],
["c",0.2,0.823,[[-0.484,-0.815,0.319,0.088],[0.815,-0.552,-0.175,16.272],[0.319,0.175,0.931,19.645]],[1.0,0.502,0.0,1]],
["c",0.2,0.896,[[0.975,0.196,-0.105,0.511],[-0.196,0.534,-0.822,16.738],[-0.105,0.822,0.559,19.941]],[1.0,0.502,0.0,1]],
["c",0.2,0.718,[[0.917,-0.196,-0.346,0.669],[0.196,-0.534,0.822,17.169],[-0.346,-0.822,-0.451,20.605]],[1.0,0.051,0.051,1]],
["c",0.2,1.517,[[0.992,-0.007,0.124,-1.05],[0.007,-0.994,-0.113,9.682],[0.124,0.113,-0.986,24.906]],[0.824,0.706,0.549,1]],
["c",0.2,0.771,[[0.271,0.963,0.003,-0.674],[-0.963,0.271,0.004,10.539],[0.003,-0.004,1.0,24.818]],[0.824,0.706,0.549,1]],
["c",0.2,0.68,[[-0.271,-0.963,0.006,0.024],[0.963,-0.271,-0.004,10.736],[0.006,0.004,1.0,24.815]],[1.0,0.051,0.051,1]],
["c",0.2,0.758,[[0.843,-0.446,-0.3,-1.214],[0.446,0.269,0.853,10.537],[-0.3,-0.853,0.426,24.497]],[0.824,0.706,0.549,1]],
["c",0.2,0.725,[[0.727,0.446,-0.521,-1.545],[-0.446,-0.269,-0.853,10.737],[-0.521,0.853,0.003,23.864]],[0.188,0.314,0.973,1]],
["c",0.2,1.495,[[-0.069,0.874,0.48,-0.402],[-0.874,-0.285,0.393,8.715],[0.48,-0.393,0.784,24.698]],[0.824,0.706,0.549,1]],
["c",0.2,0.761,[[0.997,-0.05,0.064,-1.075],[0.05,-0.248,-0.967,8.833],[0.064,0.967,-0.245,25.36]],[0.824,0.706,0.549,1]],
["c",0.2,0.672,[[0.998,0.05,0.038,-1.11],[-0.05,0.248,0.967,8.655],[0.038,-0.967,0.25,26.053]],[1.0,0.051,0.051,1]],
["c",0.2,1.51,[[0.789,0.608,-0.09,0.71],[-0.608,0.75,-0.26,9.069],[-0.09,0.26,0.961,24.6]],[0.824,0.706,0.549,1]],
["c",0.2,0.76,[[0.157,0.317,-0.936,0.372],[-0.317,-0.881,-0.351,8.168],[-0.936,0.351,-0.038,24.537]],[0.824,0.706,0.549,1]],
["c",0.2,0.671,[[0.947,-0.317,-0.059,0.598],[0.317,0.881,0.351,7.537],[-0.059,-0.351,0.934,24.789]],[1.0,0.051,0.051,1]],
["c",0.2,1.519,[[0.449,0.774,0.446,1.758],[-0.774,0.087,0.627,9.701],[0.446,-0.627,0.638,24.32]],[0.824,0.706,0.549,1]],
["c",0.2,0.769,[[0.825,-0.565,0.004,0.952],[0.565,0.825,-0.012,9.952],[0.004,0.012,1.0,24.801]],[0.824,0.706,0.549,1]],
["c",0.2,0.678,[[-0.824,0.565,0.038,0.543],[-0.565,-0.825,0.012,10.549],[0.038,-0.012,0.999,24.81]],[1.0,0.051,0.051,1]],
["c",0.2,0.758,[[0.916,-0.295,-0.273,2.234],[0.295,0.033,0.955,9.78],[-0.273,-0.955,0.118,23.482]],[0.824,0.706,0.549,1]],
["c",0.2,0.669,[[0.91,0.295,-0.292,2.023],[-0.295,-0.033,-0.955,9.804],[-0.292,0.955,0.057,22.801]],[1.0,0.051,0.051,1]],
["c",0.2,0.714,[[0.634,0.664,0.398,2.162],[-0.664,0.202,0.72,9.887],[0.398,-0.72,0.568,22.225]],[1.0,0.051,0.051,1]],
["c",0.2,0.891,[[0.448,-0.664,0.599,2.694],[0.664,-0.202,-0.72,10.049],[0.599,0.72,0.35,21.647]],[1.0,0.502,0.0,1]],
["c",0.2,0.384,[[0.836,-0.547,-0.036,-0.707],[0.547,0.829,0.119,7.936],[-0.036,-0.119,0.992,26.469]],[1.0,1.0,1.0,1]],
["c",0.2,0.576,[[-0.746,0.547,-0.379,-0.969],[-0.547,-0.829,-0.119,8.333],[-0.379,0.119,0.918,26.412]],[1.0,0.051,0.051,1]],
["c",0.2,0.659,[[0.518,-0.848,-0.114,3.965],[0.848,0.491,0.2,9.574],[-0.114,-0.2,0.973,21.556]],[1.0,0.051,0.051,1]],
["c",0.2,0.821,[[-0.413,0.848,-0.334,3.338],[-0.848,-0.491,-0.2,9.937],[-0.334,0.2,0.921,21.408]],[1.0,0.502,0.0,1]],
["c",0.2,0.658,[[0.817,0.452,-0.357,2.47],[-0.452,0.119,-0.884,10.002],[-0.357,0.884,0.302,20.309]],[1.0,0.051,0.051,1]],
["c",0.2,0.821,[[0.768,-0.452,-0.454,2.804],[0.452,-0.119,0.884,10.09],[-0.454,-0.884,0.113,20.963]],[1.0,0.502,0.0,1]],
["c",0.2,0.722,[[-0.11,-0.159,-0.981,3.191],[0.159,-0.977,0.141,11.371],[-0.981,-0.141,0.133,21.504]],[1.0,0.051,0.051,1]],
["c",0.2,0.9,[[0.987,0.159,-0.011,3.062],[-0.159,0.977,-0.141,10.579],[-0.011,0.141,0.99,21.389]],[1.0,0.502,0.0,1]],
["c",0.2,0.771,[[0.337,0.875,-0.348,-4.592],[-0.875,0.154,-0.46,6.546],[-0.348,0.46,0.817,25.137]],[0.824,0.706,0.549,1]],
["c",0.2,0.68,[[0.096,-0.875,-0.475,-3.957],[0.875,-0.154,0.46,6.657],[-0.475,-0.46,0.75,25.47]],[1.0,0.051,0.051,1]],
["c",0.2,0.755,[[0.999,0.033,0.021,-4.916],[-0.033,0.408,0.912,6.64],[0.021,-0.912,0.409,24.616]],[0.824,0.706,0.549,1]],
["c",0.2,0.721,[[0.998,-0.033,0.05,-4.892],[0.033,-0.408,-0.912,6.941],[0.05,0.912,-0.406,23.942]],[0.188,0.314,0.973,1]],
["c",0.2,1.519,[[-0.389,-0.118,-0.914,-5.018],[0.118,-0.99,0.078,5.734],[-0.914,-0.078,0.399,24.901]],[0.824,0.706,0.549,1]],
["c",0.2,1.49,[[-0.336,0.929,-0.158,-4.416],[-0.929,-0.354,-0.11,4.718],[-0.158,0.11,0.981,24.924]],[0.824,0.706,0.549,1]],
["c",0.2,0.761,[[0.44,-0.606,0.663,-5.339],[0.606,-0.345,-0.717,4.851],[0.663,0.717,0.216,25.115]],[0.824,0.706,0.549,1]],
["c",0.2,0.672,[[0.727,0.606,0.323,-5.773],[-0.606,0.345,0.717,4.604],[0.323,-0.717,0.618,25.628]],[1.0,0.051,0.051,1]],
["c",0.2,1.508,[[0.899,0.409,-0.16,-3.416],[-0.409,0.646,-0.645,4.941],[-0.16,0.645,0.747,25.492]],[0.824,0.706,0.549,1]],
["c",0.2,0.759,[[0.989,0.025,-0.144,-3.714],[-0.025,-0.942,-0.336,4.097],[-0.144,0.336,-0.931,25.133]],[0.824,0.706,0.549,1]],
["c",0.2,0.669,[[1.0,-0.025,-0.004,-3.697],[0.025,0.942,0.336,3.424],[-0.004,-0.336,0.942,25.373]],[1.0,0.051,0.051,1]],
["c",0.2,1.519,[[0.007,0.996,0.089,-2.352],[-0.996,-0.001,0.089,5.427],[0.089,-0.089,0.992,25.91]],[0.824,0.706,0.549,1]],
["c",0.2,0.765,[[0.922,-0.383,-0.049,-3.254],[0.383,0.891,0.244,5.768],[-0.049,-0.244,0.969,25.885]],[0.824,0.706,0.549,1]],
["c",0.2,0.675,[[-0.345,0.383,-0.857,-3.53],[-0.383,-0.891,-0.244,6.409],[-0.857,0.244,0.455,25.709]],[1.0,0.051,0.051,1]],
["c",0.2,0.761,[[0.937,0.274,0.219,-1.491],[-0.274,0.182,0.944,5.495],[0.219,-0.944,0.245,25.484]],[0.824,0.706,0.549,1]],
["c",0.2,0.671,[[0.908,-0.274,0.316,-1.295],[0.274,-0.182,-0.944,5.625],[0.316,0.944,-0.09,24.808]],[1.0,0.051,0.051,1]],
["c",0.2,0.713,[[0.175,0.964,0.201,-0.859],[-0.964,0.125,0.235,5.731],[0.201,-0.235,0.951,24.407]],[1.0,0.051,0.051,1]],
["c",0.2,0.89,[[-0.062,-0.964,0.259,-0.087],[0.964,-0.125,-0.235,5.832],[0.259,0.235,0.937,24.218]],[1.0,0.502,0.0,1]],
["c",0.2,0.385,[[0.805,0.576,-0.14,-6.42],[-0.576,0.705,-0.413,3.946],[-0.14,0.413,0.9,25.551]],[1.0,1.0,1.0,1]],
["c",0.2,0.577,[[-0.126,-0.576,-0.807,-6.143],[0.576,-0.705,0.413,4.285],[-0.807,-0.413,0.421,25.75]],[1.0,0.051,0.051,1]],
["c",0.2,0.659,[[0.843,-0.524,-0.121,0.945],[0.524,0.75,0.404,5.024],[-0.121,-0.404,0.907,24.579]],[1.0,0.051,0.051,1]],
["c",0.2,0.822,[[-0.098,0.524,-0.846,0.557],[-0.524,-0.75,-0.404,5.579],[-0.846,0.404,0.347,24.28]],[1.0,0.502,0.0,1]],
["c",0.2,0.659,[[0.995,-0.063,0.076,0.415],[0.063,-0.182,-0.981,6.096],[0.076,0.981,-0.177,22.984]],[1.0,0.051,0.051,1]],
["c",0.2,0.822,[[0.997,0.063,0.053,0.368],[-0.063,0.182,0.981,5.962],[0.053,-0.981,0.185,23.711]],[1.0,0.502,0.0,1]],
["c",0.2,0.717,[[0.681,-0.225,-0.696,0.624],[0.225,-0.841,0.492,6.94],[-0.696,-0.492,-0.522,24.73]],[1.0,0.051,0.051,1]],
["c",0.2,0.894,[[0.972,0.225,-0.06,0.442],[-0.225,0.841,-0.492,6.263],[-0.06,0.492,0.868,24.334]],[1.0,0.502,0.0,1]],
["t",[-0.355,18.792,22.128,-0.914,19.194,23.554,-0.62,19.752,23.117,-0.356,18.789,22.129,-0.853,18.536,23.172,-0.915,19.191,23.555,-0.356,18.789,22.129,-0.791,17.88,22.789,-0.853,18.536,23.172,-0.36,18.829,22.18,-0.617,18.115,22.133,-0.795,17.92,22.84,-0.36,18.829,22.18,-0.438,18.309,21.427,-0.617,18.115,22.133,-0.36,18.829,22.18,-0.182,19.023,21.473,-0.438,18.309,21.427,-0.36,18.829,22.18,0.074,19.737,21.52,-0.182,19.023,21.473,-0.357,18.791,22.131,-0.156,19.989,22.142,0.078,19.7,21.471,-0.357,18.791,22.131,-0.362,20.243,22.734,-0.156,19.989,22.142,-0.355,18.792,22.128,-0.62,19.752,23.117,-0.36,20.244,22.731,0.006,18.728,22.288,-0.259,19.687,23.276,-0.553,19.13,23.714,0.007,18.731,22.287,-0.553,19.133,23.713,-0.49,18.478,23.33,0.007,18.731,22.287,-0.49,18.478,23.33,-0.428,17.822,22.947,0.011,18.691,22.236,-0.424,17.783,22.896,-0.245,17.977,22.189,0.011,18.691,22.236,-0.245,17.977,22.189,-0.067,18.172,21.483,0.011,18.691,22.236,-0.067,18.172,21.483,0.19,18.886,21.53,0.011,18.691,22.236,0.19,18.886,21.53,0.446,19.6,21.576,0.007,18.729,22.285,0.442,19.638,21.625,0.208,19.926,22.296,0.007,18.729,22.285,0.208,19.926,22.296,0.002,20.18,22.887,0.006,18.728,22.288,0.001,20.179,22.89,-0.259,19.687,23.276],[-0.902,0.163,-0.4,-0.902,0.163,-0.4,-0.902,0.163,-0.4,-0.906,0.146,-0.397,-0.906,0.146,-0.397,-0.906,0.146,-0.397,-0.906,0.146,-0.397,-0.906,0.146,-0.397,-0.906,0.146,-0.397,-0.929,0.343,-0.14,-0.929,0.343,-0.14,-0.929,0.343,-0.14,-0.929,0.343,-0.14,-0.929,0.343,-0.14,-0.929,0.343,-0.14,-0.929,0.343,-0.14,-0.929,0.343,-0.14,-0.929,0.343,-0.14,-0.929,0.343,-0.14,-0.929,0.343,-0.14,-0.929,0.343,-0.14,-0.91,0.156,-0.385,-0.91,0.156,-0.385,-0.91,0.156,-0.385,-0.91,0.156,-0.385,-0.91,0.156,-0.385,-0.91,0.156,-0.385,-0.902,0.163,-0.4,-0.902,0.163,-0.4,-0.902,0.163,-0.4,0.902,-0.163,0.4,0.902,-0.163,0.4,0.902,-0.163,0.4,0.906,-0.146,0.397,0.906,-0.146,0.397,0.906,-0.146,0.397,0.906,-0.146,0.397,0.906,-0.146,0.397,0.906,-0.146,0.397,0.929,-0.343,0.14,0.929,-0.343,0.14,0.929,-0.343,0.14,0.929,-0.343,0.14,0.929,-0.343,0.14,0.929,-0.343,0.14,0.929,-0.343,0.14,0.929,-0.343,0.14,0.929,-0.343,0.14,0.929,-0.343,0.14,0.929,-0.343,0.14,0.929,-0.343,0.14,0.91,-0.156,0.385,0.91,-0.156,0.385,0.91,-0.156,0.385,0.91,-0.156,0.385,0.91,-0.156,0.385,0.91,-0.156,0.385,0.902,-0.163,0.4,0.902,-0.163,0.4,0.902,-0.163,0.4],[0.824,0.706,0.549,1.0,0.824,0.706,0.549,1.0,0.824,0.706,0.549,1.0,0.824,0.706,0.549,1.0,0.824,0.706,0.549,1.0,0.824,0.706,0.549,1.0,0.824,0.706,0.549,1.0,0.824,0.706,0.549,1.0,0.824,0.706,0.549,1.0,0.824,0.706,0.549,1.0,0.824,0.706,0.549,1.0,0.824,0.706,0.549,1.0,0.824,0.706,0.549,1.0,0.824,0.706,0.549,1.0,0.824,0.706,0.549,1.0,0.824,0.706,0.549,1.0,0.824,0.706,0.549,1.0,0.824,0.706,0.549,1.0,0.824,0.706,0.549,1.0,0.824,0.706,0.549,1.0,0.824,0.706,0.549,1.0,0.824,0.706,0.549,1.0,0.824,0.706,0.549,1.0,0.824,0.706,0.549,1.0,1.0,0.051,0.051,1.0,1.0,0.051,0.051,1.0,1.0,0.051,0.051,1.0,1.0,0.051,0.051,1.0,1.0,0.051,0.051,1.0,1.0,0.051,0.051,1.0,0.824,0.706,0.549,1.0,0.824,0.706,0.549,1.0,0.824,0.706,0.549,1.0,0.824,0.706,0.549,1.0,0.824,0.706,0.549,1.0,0.824,0.706,0.549,1.0,0.824,0.706,0.549,1.0,0.824,0.706,0.549,1.0,0.824,0.706,0.549,1.0,0.824,0.706,0.549,1.0,0.824,0.706,0.549,1.0,0.824,0.706,0.549,1.0,0.824,0.706,0.549,1.0,0.824,0.706,0.549,1.0,0.824,0.706,0.549,1.0,0.824,0.706,0.549,1.0,0.824,0.706,0.549,1.0,0.824,0.706,0.549,1.0,0.824,0.706,0.549,1.0,0.824,0.706,0.549,1.0,0.824,0.706,0.549,1.0,0.824,0.706,0.549,1.0,0.824,0.706,0.549,1.0,0.824,0.706,0.549,1.0,1.0,0.051,0.051,1.0,1.0,0.051,0.051,1.0,1.0,0.051,0.051,1.0,1.0,0.051,0.051,1.0,1.0,0.051,0.051,1.0,1.0,0.051,0.051,1.0],null],
["c",0.2,1.584,[[0.833,0.353,0.426,-0.454],[-0.353,-0.254,0.9,18.961],[0.426,-0.9,-0.087,22.921]],[0.824,0.706,0.549,1]],
["c",0.2,1.204,[[0.926,0.361,0.113,-0.392],[-0.361,0.755,0.548,18.306],[0.113,-0.548,0.829,22.538]],[0.824,0.706,0.549,1]],
["c",0.2,0.918,[[0.995,0.085,-0.044,-0.214],[-0.085,0.565,-0.82,18.5],[-0.044,0.82,0.57,21.831]],[0.824,0.706,0.549,1]],
["c",0.2,1.204,[[0.469,-0.361,0.806,0.043],[0.361,-0.755,-0.548,19.214],[0.806,0.548,-0.223,21.878]],[0.824,0.706,0.549,1]],
["c",0.2,1.572,[[1.0,0.003,0.017,-0.177],[-0.003,-0.924,0.383,19.486],[0.017,-0.383,-0.923,22.509]],[1.0,0.051,0.051,1]],
["t",[2.16,13.501,22.525,1.671,14.289,23.531,1.912,13.573,23.453,2.16,13.473,22.546,1.847,14.633,22.903,1.671,14.261,23.552,2.16,13.473,22.546,2.002,14.961,22.33,1.847,14.633,22.903,2.158,13.473,22.55,2.246,14.525,21.876,2.0,14.961,22.333,2.158,13.473,22.55,2.523,14.03,21.358,2.246,14.525,21.876,2.165,13.439,22.536,2.431,13.295,21.623,2.531,13.995,21.344,2.165,13.439,22.536,2.331,12.594,21.902,2.431,13.295,21.623,2.171,13.467,22.499,2.25,12.723,22.607,2.337,12.623,21.866,2.171,13.467,22.499,2.163,12.823,23.349,2.25,12.723,22.607,2.16,13.501,22.525,1.912,13.573,23.453,2.152,12.857,23.374,1.788,13.386,22.434,1.539,13.458,23.362,1.299,14.174,23.44,1.788,13.414,22.412,1.299,14.202,23.418,1.475,14.574,22.769,1.788,13.414,22.412,1.475,14.574,22.769,1.63,14.902,22.195,1.789,13.413,22.409,1.631,14.901,22.192,1.876,14.465,21.735,1.789,13.413,22.409,1.876,14.465,21.735,2.154,13.97,21.217,1.782,13.448,22.423,2.147,14.005,21.231,2.047,13.305,21.51,1.782,13.448,22.423,2.047,13.305,21.51,1.948,12.604,21.789,1.776,13.42,22.459,1.942,12.575,21.826,1.855,12.675,22.568,1.776,13.42,22.459,1.855,12.675,22.568,1.768,12.776,23.309,1.788,13.386,22.434,1.78,12.742,23.284,1.539,13.458,23.362],[0.931,0.288,0.226,0.931,0.288,0.226,0.931,0.288,0.226,0.93,0.148,0.336,0.93,0.148,0.336,0.93,0.148,0.336,0.93,0.148,0.336,0.93,0.148,0.336,0.93,0.148,0.336,0.924,0.149,0.353,0.924,0.149,0.353,0.924,0.149,0.353,0.924,0.149,0.353,0.924,0.149,0.353,0.924,0.149,0.353,0.959,-0.024,0.283,0.959,-0.024,0.283,0.959,-0.024,0.283,0.959,-0.024,0.283,0.959,-0.024,0.283,0.959,-0.024,0.283,0.988,0.119,0.099,0.988,0.119,0.099,0.988,0.119,0.099,0.988,0.119,0.099,0.988,0.119,0.099,0.988,0.119,0.099,0.931,0.288,0.226,0.931,0.288,0.226,0.931,0.288,0.226,-0.931,-0.288,-0.227,-0.931,-0.288,-0.227,-0.931,-0.288,-0.227,-0.93,-0.148,-0.336,-0.93,-0.148,-0.336,-0.93,-0.148,-0.336,-0.93,-0.148,-0.336,-0.93,-0.148,-0.336,-0.93,-0.148,-0.336,-0.924,-0.149,-0.353,-0.924,-0.149,-0.353,-0.924,-0.149,-0.353,-0.924,-0.149,-0.353,-0.924,-0.149,-0.353,-0.924,-0.149,-0.353,-0.959,0.024,-0.283,-0.959,0.024,-0.283,-0.959,0.024,-0.283,-0.959,0.024,-0.283,-0.959,0.024,-0.283,-0.959,0.024,-0.283,-0.988,-0.119,-0.1,-0.988,-0.119,-0.1,-0.988,-0.119,-0.1,-0.988,-0.119,-0.1,-0.988,-0.119,-0.1,-0.988,-0.119,-0.1,-0.931,-0.288,-0.227,-0.931,-0.288,-0.227,-0.931,-0.288,-0.227],[0.824,0.706,0.549,1.0,0.824,0.706,0.549,1.0,0.824,0.706,0.549,1.0,0.824,0.706,0.549,1.0,0.824,0.706,0.549,1.0,0.824,0.706,0.549,1.0,1.0,0.051,0.051,1.0,1.0,0.051,0.051,1.0,1.0,0.051,0.051,1.0,1.0,0.051,0.051,1.0,1.0,0.051,0.051,1.0,1.0,0.051,0.051,1.0,0.824,0.706,0.549,1.0,0.824,0.706,0.549,1.0,0.824,0.706,0.549,1.0,0.824,0.706,0.549,1.0,0.824,0.706,0.549,1.0,0.824,0.706,0.549,1.0,0.824,0.706,0.549,1.0,0.824,0.706,0.549,1.0,0.824,0.706,0.549,1.0,0.824,0.706,0.549,1.0,0.824,0.706,0.549,1.0,0.824,0.706,0.549,1.0,0.824,0.706,0.549,1.0,0.824,0.706,0.549,1.0,0.824,0.706,0.549,1.0,0.824,0.706,0.549,1.0,0.824,0.706,0.549,1.0,0.824,0.706,0.549,1.0,0.824,0.706,0.549,1.0,0.824,0.706,0.549,1.0,0.824,0.706,0.549,1.0,0.824,0.706,0.549,1.0,0.824,0.706,0.549,1.0,0.824,0.706,0.549,1.0,1.0,0.051,0.051,1.0,1.0,0.051,0.051,1.0,1.0,0.051,0.051,1.0,1.0,0.051,0.051,1.0,1.0,0.051,0.051,1.0,1.0,0.051,0.051,1.0,0.824,0.706,0.549,1.0,0.824,0.706,0.549,1.0,0.824,0.706,0.549,1.0,0.824,0.706,0.549,1.0,0.824,0.706,0.549,1.0,0.824,0.706,0.549,1.0,0.824,0.706,0.549,1.0,0.824,0.706,0.549,1.0,0.824,0.706,0.549,1.0,0.824,0.706,0.549,1.0,0.824,0.706,0.549,1.0,0.824,0.706,0.549,1.0,0.824,0.706,0.549,1.0,0.824,0.706,0.549,1.0,0.824,0.706,0.549,1.0,0.824,0.706,0.549,1.0,0.824,0.706,0.549,1.0,0.824,0.706,0.549,1.0],null],
["c",0.2,1.368,[[0.699,0.357,0.619,1.729],[-0.357,-0.576,0.735,13.837],[0.619,-0.735,-0.275,22.982]],[0.824,0.706,0.549,1]],
["c",0.2,1.512,[[0.311,0.104,-0.945,1.895],[-0.104,-0.984,-0.143,14.187],[-0.945,0.143,-0.295,22.371]],[1.0,0.051,0.051,1]],
["c",0.2,1.365,[[0.879,-0.267,0.394,2.156],[0.267,-0.408,-0.873,13.722],[0.394,0.873,-0.287,21.883]],[0.824,0.706,0.549,1]],
["c",0.2,1.068,[[0.987,-0.155,0.051,2.057],[0.155,0.79,-0.593,13.021],[0.051,0.593,0.804,22.162]],[0.824,0.706,0.549,1]],
["c",0.2,1.066,[[1.0,0.007,0.004,1.97],[-0.007,0.604,0.797,13.121],[0.004,-0.797,0.604,22.904]],[0.824,0.706,0.549,1]],
["t",[-0.108,9.441,24.93,-1.002,10.457,25.014,-1.007,9.703,25.1,-0.147,9.407,24.936,-0.299,10.632,25.016,-1.041,10.423,25.02,-0.147,9.407,24.936,0.356,10.816,25.013,-0.299,10.632,25.016,-0.159,9.411,24.936,0.727,10.261,25.005,0.344,10.82,25.013,-0.159,9.411,24.936,1.162,9.627,24.996,0.727,10.261,25.005,-0.149,9.352,24.925,0.713,9.001,24.789,1.172,9.568,24.985,-0.149,9.352,24.925,0.254,8.435,24.592,0.713,9.001,24.789,-0.08,9.384,24.92,-0.331,8.68,24.881,0.322,8.467,24.587,-0.08,9.384,24.92,-0.985,8.893,25.175,-0.331,8.68,24.881,-0.108,9.441,24.93,-1.007,9.703,25.1,-1.013,8.95,25.186,-0.194,9.398,24.542,-1.093,9.66,24.712,-1.088,10.413,24.626,-0.155,9.432,24.537,-1.049,10.448,24.621,-0.308,10.657,24.617,-0.155,9.432,24.537,-0.308,10.657,24.617,0.347,10.841,24.614,-0.143,9.428,24.537,0.359,10.837,24.614,0.743,10.277,24.606,-0.143,9.428,24.537,0.743,10.277,24.606,1.177,9.643,24.597,-0.153,9.487,24.548,1.167,9.702,24.608,0.708,9.136,24.412,-0.153,9.487,24.548,0.708,9.136,24.412,0.249,8.57,24.216,-0.222,9.455,24.553,0.18,8.538,24.22,-0.473,8.751,24.514,-0.222,9.455,24.553,-0.473,8.751,24.514,-1.127,8.963,24.808,-0.194,9.398,24.542,-1.099,8.906,24.797,-1.093,9.66,24.712],[0.215,0.109,0.971,0.215,0.109,0.971,0.215,0.109,0.971,0.022,-0.063,0.998,0.022,-0.063,0.998,0.022,-0.063,0.998,0.022,-0.063,0.998,0.022,-0.063,0.998,0.022,-0.063,0.998,-0.039,-0.041,0.998,-0.039,-0.041,0.998,-0.039,-0.041,0.998,-0.039,-0.041,0.998,-0.039,-0.041,0.998,-0.039,-0.041,0.998,0.012,-0.336,0.942,0.012,-0.336,0.942,0.012,-0.336,0.942,0.012,-0.336,0.942,0.012,-0.336,0.942,0.012,-0.336,0.942,0.355,-0.177,0.918,0.355,-0.177,0.918,0.355,-0.177,0.918,0.355,-0.177,0.918,0.355,-0.177,0.918,0.355,-0.177,0.918,0.215,0.109,0.971,0.215,0.109,0.971,0.215,0.109,0.971,-0.215,-0.109,-0.971,-0.215,-0.109,-0.971,-0.215,-0.109,-0.971,-0.022,0.063,-0.998,-0.022,0.063,-0.998,-0.022,0.063,-0.998,-0.022,0.063,-0.998,-0.022,0.063,-0.998,-0.022,0.063,-0.998,0.039,0.041,-0.998,0.039,0.041,-0.998,0.039,0.041,-0.998,0.039,0.041,-0.998,0.039,0.041,-0.998,0.039,0.041,-0.998,-0.012,0.336,-0.942,-0.012,0.336,-0.942,-0.012,0.336,-0.942,-0.012,0.336,-0.942,-0.012,0.336,-0.942,-0.012,0.336,-0.942,-0.355,0.177,-0.918,-0.355,0.177,-0.918,-0.355,0.177,-0.918,-0.355,0.177,-0.918,-0.355,0.177,-0.918,-0.355,0.177,-0.918,-0.215,-0.109,-0.971,-0.215,-0.109,-0.971,-0.215,-0.109,-0.971],[0.824,0.706,0.549,1.0,0.824,0.706,0.549,1.0,0.824,0.706,0.549,1.0,0.824,0.706,0.549,1.0,0.824,0.706,0.549,1.0,0.824,0.706,0.549,1.0,1.0,0.051,0.051,1.0,1.0,0.051,0.051,1.0,1.0,0.051,0.051,1.0,1.0,0.051,0.051,1.0,1.0,0.051,0.051,1.0,1.0,0.051,0.051,1.0,0.824,0.706,0.549,1.0,0.824,0.706,0.549,1.0,0.824,0.706,0.549,1.0,0.824,0.706,0.549,1.0,0.824,0.706,0.549,1.0,0.824,0.706,0.549,1.0,0.824,0.706,0.549,1.0,0.824,0.706,0.549,1.0,0.824,0.706,0.549,1.0,0.824,0.706,0.549,1.0,0.824,0.706,0.549,1.0,0.824,0.706,0.549,1.0,0.824,0.706,0.549,1.0,0.824,0.706,0.549,1.0,0.824,0.706,0.549,1.0,0.824,0.706,0.549,1.0,0.824,0.706,0.549,1.0,0.824,0.706,0.549,1.0,0.824,0.706,0.549,1.0,0.824,0.706,0.549,1.0,0.824,0.706,0.549,1.0,0.824,0.706,0.549,1.0,0.824,0.706,0.549,1.0,0.824,0.706,0.549,1.0,1.0,0.051,0.051,1.0,1.0,0.051,0.051,1.0,1.0,0.051,0.051,1.0,1.0,0.051,0.051,1.0,1.0,0.051,0.051,1.0,1.0,0.051,0.051,1.0,0.824,0.706,0.549,1.0,0.824,0.706,0.549,1.0,0.824,0.706,0.549,1.0,0.824,0.706,0.549,1.0,0.824,0.706,0.549,1.0,0.824,0.706,0.549,1.0,0.824,0.706,0.549,1.0,0.824,0.706,0.549,1.0,0.824,0.706,0.549,1.0,0.824,0.706,0.549,1.0,0.824,0.706,0.549,1.0,0.824,0.706,0.549,1.0,0.824,0.706,0.549,1.0,0.824,0.706,0.549,1.0,0.824,0.706,0.549,1.0,0.824,0.706,0.549,1.0,0.824,0.706,0.549,1.0,0.824,0.706,0.549,1.0],null],
["c",0.2,1.355,[[-0.734,0.66,0.163,-0.598],[-0.66,-0.749,0.062,9.927],[0.163,-0.062,0.985,24.778]],[0.824,0.706,0.549,1]],
["c",0.2,1.498,[[-0.896,-0.335,-0.292,0.1],[0.335,-0.941,0.052,10.124],[-0.292,-0.052,0.955,24.775]],[1.0,0.051,0.051,1]],
["c",0.2,1.339,[[-0.158,-0.986,-0.053,0.509],[0.986,-0.161,0.045,9.527],[-0.053,-0.045,0.998,24.766]],[0.824,0.706,0.549,1]],
["c",0.2,1.055,[[0.922,-0.381,0.064,0.05],[0.381,0.869,-0.315,8.961],[0.064,0.315,0.947,24.57]],[0.824,0.706,0.549,1]],
["c",0.2,1.061,[[0.503,0.853,0.14,-0.603],[-0.853,0.463,0.24,9.174],[0.14,-0.24,0.96,24.864]],[0.824,0.706,0.549,1]],
["t",[-4.015,5.203,25.233,-4.835,6.484,24.783,-4.161,6.603,25.137,-4.009,5.207,25.236,-4.92,5.736,24.727,-4.83,6.488,24.786,-4.009,5.207,25.236,-5.009,4.984,24.668,-4.92,5.736,24.727,-4.047,5.319,25.257,-4.354,4.832,24.771,-5.047,5.096,24.689,-4.047,5.319,25.257,-3.662,4.567,24.853,-4.354,4.832,24.771,-4.047,5.319,25.257,-3.354,5.054,25.339,-3.662,4.567,24.853,-4.047,5.319,25.257,-3.046,5.541,25.825,-3.354,5.054,25.339,-4.008,5.2,25.237,-3.301,6.104,25.618,-3.008,5.423,25.805,-4.008,5.2,25.237,-3.56,6.705,25.453,-3.301,6.104,25.618,-4.015,5.203,25.233,-4.161,6.603,25.137,-3.566,6.708,25.45,-4.201,5.207,25.587,-4.348,6.607,25.491,-5.022,6.488,25.137,-4.206,5.203,25.584,-5.027,6.484,25.134,-5.117,5.732,25.075,-4.206,5.203,25.584,-5.117,5.732,25.075,-5.206,4.98,25.016,-4.169,5.091,25.563,-5.169,4.868,24.995,-4.477,4.604,25.076,-4.169,5.091,25.563,-4.477,4.604,25.076,-3.785,4.34,25.158,-4.169,5.091,25.563,-3.785,4.34,25.158,-3.477,4.827,25.644,-4.169,5.091,25.563,-3.477,4.827,25.644,-3.169,5.314,26.131,-4.207,5.21,25.583,-3.207,5.432,26.151,-3.5,6.114,25.965,-4.207,5.21,25.583,-3.5,6.114,25.965,-3.759,6.714,25.8,-4.201,5.207,25.587,-3.753,6.712,25.804,-4.348,6.607,25.491],[0.467,-0.012,-0.884,0.467,-0.012,-0.884,0.467,-0.012,-0.884,0.492,0.01,-0.87,0.492,0.01,-0.87,0.492,0.01,-0.87,0.492,0.01,-0.87,0.492,0.01,-0.87,0.492,0.01,-0.87,0.307,0.568,-0.764,0.307,0.568,-0.764,0.307,0.568,-0.764,0.307,0.568,-0.764,0.307,0.568,-0.764,0.307,0.568,-0.764,0.307,0.568,-0.764,0.307,0.568,-0.764,0.307,0.568,-0.764,0.307,0.568,-0.764,0.307,0.568,-0.764,0.307,0.568,-0.764,0.498,-0.023,-0.867,0.498,-0.023,-0.867,0.498,-0.023,-0.867,0.498,-0.023,-0.867,0.498,-0.023,-0.867,0.498,-0.023,-0.867,0.467,-0.012,-0.884,0.467,-0.012,-0.884,0.467,-0.012,-0.884,-0.467,0.012,0.884,-0.467,0.012,0.884,-0.467,0.012,0.884,-0.492,-0.01,0.87,-0.492,-0.01,0.87,-0.492,-0.01,0.87,-0.492,-0.01,0.87,-0.492,-0.01,0.87,-0.492,-0.01,0.87,-0.307,-0.568,0.764,-0.307,-0.568,0.764,-0.307,-0.568,0.764,-0.307,-0.568,0.764,-0.307,-0.568,0.764,-0.307,-0.568,0.764,-0.307,-0.568,0.764,-0.307,-0.568,0.764,-0.307,-0.568,0.764,-0.307,-0.568,0.764,-0.307,-0.568,0.764,-0.307,-0.568,0.764,-0.498,0.023,0.867,-0.498,0.023,0.867,-0.498,0.023,0.867,-0.498,0.023,0.867,-0.498,0.023,0.867,-0.498,0.023,0.867,-0.467,0.012,0.884,-0.467,0.012,0.884,-0.467,0.012,0.884],[0.824,0.706,0.549,1.0,0.824,0.706,0.549,1.0,0.824,0.706,0.549,1.0,0.824,0.706,0.549,1.0,0.824,0.706,0.549,1.0,0.824,0.706,0.549,1.0,0.824,0.706,0.549,1.0,0.824,0.706,0.549,1.0,0.824,0.706,0.549,1.0,0.824,0.706,0.549,1.0,0.824,0.706,0.549,1.0,0.824,0.706,0.549,1.0,0.824,0.706,0.549,1.0,0.824,0.706,0.549,1.0,0.824,0.706,0.549,1.0,0.824,0.706,0.549,1.0,0.824,0.706,0.549,1.0,0.824,0.706,0.549,1.0,0.824,0.706,0.549,1.0,0.824,0.706,0.549,1.0,0.824,0.706,0.549,1.0,0.824,0.706,0.549,1.0,0.824,0.706,0.549,1.0,0.824,0.706,0.549,1.0,1.0,0.051,0.051,1.0,1.0,0.051,0.051,1.0,1.0,0.051,0.051,1.0,1.0,0.051,0.051,1.0,1.0,0.051,0.051,1.0,1.0,0.051,0.051,1.0,0.824,0.706,0.549,1.0,0.824,0.706,0.549,1.0,0.824,0.706,0.549,1.0,0.824,0.706,0.549,1.0,0.824,0.706,0.549,1.0,0.824,0.706,0.549,1.0,0.824,0.706,0.549,1.0,0.824,0.706,0.549,1.0,0.824,0.706,0.549,1.0,0.824,0.706,0.549,1.0,0.824,0.706,0.549,1.0,0.824,0.706,0.549,1.0,0.824,0.706,0.549,1.0,0.824,0.706,0.549,1.0,0.824,0.706,0.549,1.0,0.824,0.706,0.549,1.0,0.824,0.706,0.549,1.0,0.824,0.706,0.549,1.0,0.824,0.706,0.549,1.0,0.824,0.706,0.549,1.0,0.824,0.706,0.549,1.0,0.824,0.706,0.549,1.0,0.824,0.706,0.549,1.0,0.824,0.706,0.549,1.0,1.0,0.051,0.051,1.0,1.0,0.051,0.051,1.0,1.0,0.051,0.051,1.0,1.0,0.051,0.051,1.0,1.0,0.051,0.051,1.0,1.0,0.051,0.051,1.0],null],
["c",0.2,1.587,[[-0.389,0.517,-0.762,-4.518],[-0.517,-0.807,-0.284,5.846],[-0.762,0.284,0.582,25.185]],[0.824,0.706,0.549,1]],
["c",0.2,1.171,[[0.388,0.854,-0.348,-4.608],[-0.854,0.19,-0.485,5.094],[-0.348,0.485,0.802,25.126]],[0.824,0.706,0.549,1]],
["c",0.2,0.935,[[0.907,-0.411,0.098,-3.916],[0.411,0.803,-0.432,4.829],[0.098,0.432,0.896,25.208]],[0.824,0.706,0.549,1]],
["c",0.2,1.171,[[0.1,-0.854,-0.511,-3.608],[0.854,-0.19,0.485,5.316],[-0.511,-0.485,0.71,25.694]],[0.824,0.706,0.549,1]],
["c",0.2,1.585,[[-0.58,-0.283,-0.764,-3.884],[0.283,-0.949,0.137,5.957],[-0.764,-0.137,0.631,25.518]],[1.0,0.051,0.051,1]],
["t",[-6.094,18.541,21.032,-7.36,19.405,22.467,-3.39,20.539,25.287,-6.094,18.541,21.032,-3.39,20.539,25.287,-2.124,19.675,23.852,-7.36,19.405,22.467,-7.399,18.964,22.699,-3.429,20.098,25.519,-7.36,19.405,22.467,-3.429,20.098,25.519,-3.39,20.539,25.287,-7.399,18.964,22.699,-6.132,18.099,21.264,-2.162,19.234,24.084,-7.399,18.964,22.699,-2.162,19.234,24.084,-3.429,20.098,25.519,-6.132,18.099,21.264,-6.094,18.541,21.032,-2.124,19.675,23.852,-6.132,18.099,21.264,-2.124,19.675,23.852,-2.162,19.234,24.084,-6.132,18.099,21.264,-7.399,18.964,22.699,-7.36,19.405,22.467,-6.132,18.099,21.264,-7.36,19.405,22.467,-6.094,18.541,21.032,-2.124,19.675,23.852,-3.39,20.539,25.287,-3.429,20.098,25.519,-3.39,20.539,25.287,-3.429,20.098,25.519,-2.162,19.234,24.084],[0.077,0.883,-0.464,0.077,0.883,-0.464,0.077,0.883,-0.464,0.077,0.883,-0.464,0.077,0.883,-0.464,0.077,0.883,-0.464,-0.603,0.412,0.683,-0.603,0.412,0.683,-0.603,0.412,0.683,-0.603,0.412,0.683,-0.603,0.412,0.683,-0.603,0.412,0.683,-0.077,-0.883,0.464,-0.077,-0.883,0.464,-0.077,-0.883,0.464,-0.077,-0.883,0.464,-0.077,-0.883,0.464,-0.077,-0.883,0.464,0.603,-0.412,-0.683,0.603,-0.412,-0.683,0.603,-0.412,-0.683,0.603,-0.412,-0.683,0.603,-0.412,-0.683,0.603,-0.412,-0.683,-0.794,-0.227,-0.564,-0.794,-0.227,-0.564,-0.794,-0.227,-0.564,-0.794,-0.227,-0.564,-0.794,-0.227,-0.564,-0.794,-0.227,-0.564,0.794,0.227,0.564,0.794,0.227,0.564,0.794,0.227,0.564,0.794,0.227,0.564,0.794,0.227,0.564,0.794,0.227,0.564],[0.188,0.314,0.973,1.0],null],
["s",0.25,[-5.403,19.351,22.69],[0.188,0.314,0.973,1.0]],
["s",0.25,[-4.08,19.729,23.63],[0.188,0.314,0.973,1.0]],
["t",[-1.529,13.337,26.745,-3.412,13.648,25.869,-1.872,14.334,22.802,-1.529,13.337,26.745,-1.872,14.334,22.802,0.011,14.023,23.678,-3.412,13.648,25.869,-3.388,14.133,25.99,-1.848,14.818,22.922,-3.412,13.648,25.869,-1.848,14.818,22.922,-1.872,14.334,22.802,-3.388,14.133,25.99,-1.505,13.822,26.866,0.035,14.508,23.799,-3.388,14.133,25.99,0.035,14.508,23.799,-1.848,14.818,22.922,-1.505,13.822,26.866,-1.529,13.337,26.745,0.011,14.023,23.678,-1.505,13.822,26.866,0.011,14.023,23.678,0.035,14.508,23.799,-1.505,13.822,26.866,-3.388,14.133,25.99,-3.412,13.648,25.869,-1.505,13.822,26.866,-3.412,13.648,25.869,-1.529,13.337,26.745,0.011,14.023,23.678,-1.872,14.334,22.802,-1.848,14.818,22.922,-1.872,14.334,22.802,-1.848,14.818,22.922,0.035,14.508,23.799],[-0.048,-0.969,-0.241,-0.048,-0.969,-0.241,-0.048,-0.969,-0.241,-0.048,-0.969,-0.241,-0.048,-0.969,-0.241,-0.048,-0.969,-0.241,-0.897,0.148,-0.417,-0.897,0.148,-0.417,-0.897,0.148,-0.417,-0.897,0.148,-0.417,-0.897,0.148,-0.417,-0.897,0.148,-0.417,0.048,0.969,0.241,0.048,0.969,0.241,0.048,0.969,0.241,0.048,0.969,0.241,0.048,0.969,0.241,0.048,0.969,0.241,0.897,-0.148,0.417,0.897,-0.148,0.417,0.897,-0.148,0.417,0.897,-0.148,0.417,0.897,-0.148,0.417,0.897,-0.148,0.417,-0.44,-0.196,0.876,-0.44,-0.196,0.876,-0.44,-0.196,0.876,-0.44,-0.196,0.876,-0.44,-0.196,0.876,-0.44,-0.196,0.876,0.44,0.196,-0.876,0.44,0.196,-0.876,0.44,0.196,-0.876,0.44,0.196,-0.876,0.44,0.196,-0.876,0.44,0.196,-0.876],[0.188,0.314,0.973,1.0],null],
["s",0.25,[-1.7,13.836,24.774],[0.188,0.314,0.973,1.0]],
["t",[-5.171,10.873,22.993,-4.844,11.507,21.018,-1.389,11.229,21.501,-5.171,10.873,22.993,-1.389,11.229,21.501,-1.716,10.596,23.476,-4.844,11.507,21.018,-4.827,11.982,21.173,-1.372,11.704,21.656,-4.844,11.507,21.018,-1.372,11.704,21.656,-1.389,11.229,21.501,-4.827,11.982,21.173,-5.155,11.348,23.148,-1.699,11.071,23.631,-4.827,11.982,21.173,-1.699,11.071,23.631,-1.372,11.704,21.656,-5.155,11.348,23.148,-5.171,10.873,22.993,-1.716,10.596,23.476,-5.155,11.348,23.148,-1.716,10.596,23.476,-1.699,11.071,23.631,-5.155,11.348,23.148,-4.827,11.982,21.173,-4.844,11.507,21.018,-5.155,11.348,23.148,-4.844,11.507,21.018,-5.171,10.873,22.993,-1.716,10.596,23.476,-1.389,11.229,21.501,-1.372,11.704,21.656,-1.389,11.229,21.501,-1.372,11.704,21.656,-1.699,11.071,23.631],[-0.033,-0.95,-0.31,-0.033,-0.95,-0.31,-0.033,-0.95,-0.31,-0.033,-0.95,-0.31,-0.033,-0.95,-0.31,-0.033,-0.95,-0.31,0.156,0.302,-0.941,0.156,0.302,-0.941,0.156,0.302,-0.941,0.156,0.302,-0.941,0.156,0.302,-0.941,0.156,0.302,-0.941,0.033,0.95,0.31,0.033,0.95,0.31,0.033,0.95,0.31,0.033,0.95,0.31,0.033,0.95,0.31,0.033,0.95,0.31,-0.156,-0.302,0.941,-0.156,-0.302,0.941,-0.156,-0.302,0.941,-0.156,-0.302,0.941,-0.156,-0.302,0.941,-0.156,-0.302,0.941,-0.987,0.079,-0.138,-0.987,0.079,-0.138,-0.987,0.079,-0.138,-0.987,0.079,-0.138,-0.987,0.079,-0.138,-0.987,0.079,-0.138,0.987,-0.079,0.138,0.987,-0.079,0.138,0.987,-0.079,0.138,0.987,-0.079,0.138,0.987,-0.079,0.138,0.987,-0.079,0.138],[0.188,0.314,0.973,1.0],null],
["s",0.25,[-3.28,11.051,22.247],[0.188,0.314,0.973,1.0]],
["t",[-8.788,7.864,20.581,-7.498,8.639,19.116,-3.571,7.636,22.045,-8.788,7.864,20.581,-3.571,7.636,22.045,-4.862,6.862,23.51,-7.498,8.639,19.116,-7.536,9.092,19.323,-3.609,8.09,22.252,-7.498,8.639,19.116,-3.609,8.09,22.252,-3.571,7.636,22.045,-7.536,9.092,19.323,-8.826,8.318,20.787,-4.9,7.315,23.716,-7.536,9.092,19.323,-4.9,7.315,23.716,-3.609,8.09,22.252,-8.826,8.318,20.787,-8.788,7.864,20.581,-4.862,6.862,23.51,-8.826,8.318,20.787,-4.862,6.862,23.51,-4.9,7.315,23.716,-8.826,8.318,20.787,-7.536,9.092,19.323,-7.498,8.639,19.116,-8.826,8.318,20.787,-7.498,8.639,19.116,-8.788,7.864,20.581,-4.862,6.862,23.51,-3.571,7.636,22.045,-3.609,8.09,22.252,-3.571,7.636,22.045,-3.609,8.09,22.252,-4.9,7.315,23.716],[0.076,-0.908,-0.413,0.076,-0.908,-0.413,0.076,-0.908,-0.413,0.076,-0.908,-0.413,0.076,-0.908,-0.413,0.076,-0.908,-0.413,0.614,0.369,-0.697,0.614,0.369,-0.697,0.614,0.369,-0.697,0.614,0.369,-0.697,0.614,0.369,-0.697,0.614,0.369,-0.697,-0.076,0.908,0.413,-0.076,0.908,0.413,-0.076,0.908,0.413,-0.076,0.908,0.413,-0.076,0.908,0.413,-0.076,0.908,0.413,-0.614,-0.369,0.697,-0.614,-0.369,0.697,-0.614,-0.369,0.697,-0.614,-0.369,0.697,-0.614,-0.369,0.697,-0.614,-0.369,0.697,-0.785,0.2,-0.586,-0.785,0.2,-0.586,-0.785,0.2,-0.586,-0.785,0.2,-0.586,-0.785,0.2,-0.586,-0.785,0.2,-0.586,0.785,-0.2,0.586,0.785,-0.2,0.586,0.785,-0.2,0.586,0.785,-0.2,0.586,0.785,-0.2,0.586,0.785,-0.2,0.586],[0.188,0.314,0.973,1.0],null],
["s",0.25,[-6.834,7.917,20.825],[0.188,0.314,0.973,1.0]],
["s",0.25,[-5.525,7.583,21.801],[0.188,0.314,0.973,1.0]],
["vp",500,500,229.225,254.04]
]
